OBJECTID_1,COUNT,AREA,MIN,MAX,RANGE,MEAN,STD,SUM,VARIETY,MAJORITY,MINORITY,MEDIAN
1,1,777.294549,454,454,0,454,0,454,1,454,454,454
2,1,777.294549,502,502,0,502,0,502,1,502,502,502
3,2,1554.589099,176,176,0,176,0,352,1,176,176,176
4,1,777.294549,204,204,0,204,0,204,1,204,204,204
5,2,1554.589099,679,680,1,679.5,0.5,1359,2,679,679,679
6,2,1554.589099,798,804,6,801,3,1602,2,798,798,798
7,1,777.294549,91,91,0,91,0,91,1,91,91,91
8,2,1554.589099,160,160,0,160,0,320,1,160,160,160
9,2,1554.589099,75,75,0,75,0,150,1,75,75,75
10,1,777.294549,209,209,0,209,0,209,1,209,209,209
11,1,777.294549,9,9,0,9,0,9,1,9,9,9
12,2,1554.589099,198,198,0,198,0,396,1,198,198,198
13,2,1554.589099,58,59,1,58.5,0.5,117,2,58,58,58
14,1,777.294549,473,473,0,473,0,473,1,473,473,473
15,1,777.294549,737,737,0,737,0,737,1,737,737,737
16,2,1554.589099,127,139,12,133,6,266,2,127,127,127
17,1,777.294549,84,84,0,84,0,84,1,84,84,84
18,2,1554.589099,273,289,16,281,8,562,2,273,273,273
19,1,777.294549,93,93,0,93,0,93,1,93,93,93
20,2,1554.589099,1020,1023,3,1021.5,1.5,2043,2,1020,1020,1020
21,2,1554.589099,107,108,1,107.5,0.5,215,2,107,107,107
22,1,777.294549,768,768,0,768,0,768,1,768,768,768
23,1,777.294549,249,249,0,249,0,249,1,249,249,249
24,2,1554.589099,513,516,3,514.5,1.5,1029,2,513,513,513
25,2,1554.589099,18,18,0,18,0,36,1,18,18,18
26,2,1554.589099,337,338,1,337.5,0.5,675,2,337,337,337
27,2,1554.589099,799,801,2,800,1,1600,2,799,799,799
28,1,777.294549,706,706,0,706,0,706,1,706,706,706
29,2,1554.589099,209,210,1,209.5,0.5,419,2,209,209,209
30,1,777.294549,261,261,0,261,0,261,1,261,261,261
31,2,1554.589099,224,226,2,225,1,450,2,224,224,224
32,2,1554.589099,234,234,0,234,0,468,1,234,234,234
33,2,1554.589099,115,117,2,116,1,232,2,115,115,115
34,1,777.294549,61,61,0,61,0,61,1,61,61,61
35,1,777.294549,669,669,0,669,0,669,1,669,669,669
36,1,777.294549,331,331,0,331,0,331,1,331,331,331
37,2,1554.589099,113,116,3,114.5,1.5,229,2,113,113,113
38,2,1554.589099,109,116,7,112.5,3.5,225,2,109,109,109
39,1,777.294549,361,361,0,361,0,361,1,361,361,361
40,2,1554.589099,354,358,4,356,2,712,2,354,354,354
41,1,777.294549,211,211,0,211,0,211,1,211,211,211
42,1,777.294549,177,177,0,177,0,177,1,177,177,177
43,1,777.294549,48,48,0,48,0,48,1,48,48,48
44,2,1554.589099,750,759,9,754.5,4.5,1509,2,750,750,750
45,1,777.294549,824,824,0,824,0,824,1,824,824,824
46,1,777.294549,318,318,0,318,0,318,1,318,318,318
47,2,1554.589099,420,422,2,421,1,842,2,420,420,420
48,2,1554.589099,338,341,3,339.5,1.5,679,2,338,338,338
49,1,777.294549,174,174,0,174,0,174,1,174,174,174
50,2,1554.589099,27,27,0,27,0,54,1,27,27,27
51,2,1554.589099,306,307,1,306.5,0.5,613,2,306,306,306
52,2,1554.589099,274,275,1,274.5,0.5,549,2,274,274,274
53,2,1554.589099,38,38,0,38,0,76,1,38,38,38
54,2,1554.589099,122,126,4,124,2,248,2,122,122,122
55,1,777.294549,265,265,0,265,0,265,1,265,265,265
56,1,777.294549,2,2,0,2,0,2,1,2,2,2
57,2,1554.589099,437,438,1,437.5,0.5,875,2,437,437,437
58,1,777.294549,70,70,0,70,0,70,1,70,70,70
59,2,1554.589099,629,632,3,630.5,1.5,1261,2,629,629,629
60,2,1554.589099,545,547,2,546,1,1092,2,545,545,545
61,2,1554.589099,873,875,2,874,1,1748,2,873,873,873
62,2,1554.589099,570,571,1,570.5,0.5,1141,2,570,570,570
63,2,1554.589099,164,165,1,164.5,0.5,329,2,164,164,164
64,2,1554.589099,2,2,0,2,0,4,1,2,2,2
65,2,1554.589099,326,328,2,327,1,654,2,326,326,326
66,1,777.294549,581,581,0,581,0,581,1,581,581,581
67,1,777.294549,114,114,0,114,0,114,1,114,114,114
68,2,1554.589099,523,523,0,523,0,1046,1,523,523,523
69,1,777.294549,103,103,0,103,0,103,1,103,103,103
70,2,1554.589099,262,263,1,262.5,0.5,525,2,262,262,262
71,2,1554.589099,216,217,1,216.5,0.5,433,2,216,216,216
72,1,777.294549,32,32,0,32,0,32,1,32,32,32
73,1,777.294549,285,285,0,285,0,285,1,285,285,285
74,1,777.294549,91,91,0,91,0,91,1,91,91,91
75,1,777.294549,264,264,0,264,0,264,1,264,264,264
76,1,777.294549,55,55,0,55,0,55,1,55,55,55
77,1,777.294549,33,33,0,33,0,33,1,33,33,33
78,2,1554.589099,651,654,3,652.5,1.5,1305,2,651,651,651
79,1,777.294549,619,619,0,619,0,619,1,619,619,619
80,1,777.294549,35,35,0,35,0,35,1,35,35,35
81,2,1554.589099,71,71,0,71,0,142,1,71,71,71
82,1,777.294549,208,208,0,208,0,208,1,208,208,208
83,2,1554.589099,415,417,2,416,1,832,2,415,415,415
84,2,1554.589099,74,76,2,75,1,150,2,74,74,74
85,2,1554.589099,81,82,1,81.5,0.5,163,2,81,81,81
86,2,1554.589099,299,302,3,300.5,1.5,601,2,299,299,299
87,2,1554.589099,768,769,1,768.5,0.5,1537,2,768,768,768
88,1,777.294549,51,51,0,51,0,51,1,51,51,51
89,2,1554.589099,744,746,2,745,1,1490,2,744,744,744
90,1,777.294549,142,142,0,142,0,142,1,142,142,142
91,2,1554.589099,695,705,10,700,5,1400,2,695,695,695
92,2,1554.589099,187,190,3,188.5,1.5,377,2,187,187,187
93,2,1554.589099,69,69,0,69,0,138,1,69,69,69
94,1,777.294549,379,379,0,379,0,379,1,379,379,379
95,2,1554.589099,97,97,0,97,0,194,1,97,97,97
96,2,1554.589099,223,224,1,223.5,0.5,447,2,223,223,223
97,1,777.294549,728,728,0,728,0,728,1,728,728,728
98,2,1554.589099,699,704,5,701.5,2.5,1403,2,699,699,699
99,2,1554.589099,58,58,0,58,0,116,1,58,58,58
100,2,1554.589099,972,973,1,972.5,0.5,1945,2,972,972,972
101,2,1554.589099,64,80,16,72,8,144,2,64,64,64
102,2,1554.589099,147,148,1,147.5,0.5,295,2,147,147,147
103,2,1554.589099,551,554,3,552.5,1.5,1105,2,551,551,551
104,1,777.294549,297,297,0,297,0,297,1,297,297,297
105,2,1554.589099,146,146,0,146,0,292,1,146,146,146
106,2,1554.589099,116,118,2,117,1,234,2,116,116,116
107,2,1554.589099,73,78,5,75.5,2.5,151,2,73,73,73
108,1,777.294549,4,4,0,4,0,4,1,4,4,4
109,2,1554.589099,227,228,1,227.5,0.5,455,2,227,227,227
110,1,777.294549,471,471,0,471,0,471,1,471,471,471
111,2,1554.589099,56,58,2,57,1,114,2,56,56,56
112,2,1554.589099,99,100,1,99.5,0.5,199,2,99,99,99
113,2,1554.589099,237,238,1,237.5,0.5,475,2,237,237,237
114,2,1554.589099,198,199,1,198.5,0.5,397,2,198,198,198
115,2,1554.589099,1272,1273,1,1272.5,0.5,2545,2,1272,1272,1272
116,1,777.294549,138,138,0,138,0,138,1,138,138,138
117,1,777.294549,31,31,0,31,0,31,1,31,31,31
118,2,1554.589099,611,618,7,614.5,3.5,1229,2,611,611,611
119,2,1554.589099,198,204,6,201,3,402,2,198,198,198
120,2,1554.589099,842,851,9,846.5,4.5,1693,2,842,842,842
121,2,1554.589099,801,803,2,802,1,1604,2,801,801,801
122,1,777.294549,134,134,0,134,0,134,1,134,134,134
123,2,1554.589099,52,54,2,53,1,106,2,52,52,52
124,2,1554.589099,184,185,1,184.5,0.5,369,2,184,184,184
125,2,1554.589099,226,229,3,227.5,1.5,455,2,226,226,226
126,1,777.294549,12,12,0,12,0,12,1,12,12,12
127,2,1554.589099,212,214,2,213,1,426,2,212,212,212
128,2,1554.589099,572,574,2,573,1,1146,2,572,572,572
129,1,777.294549,111,111,0,111,0,111,1,111,111,111
130,2,1554.589099,863,866,3,864.5,1.5,1729,2,863,863,863
131,2,1554.589099,5,5,0,5,0,10,1,5,5,5
132,2,1554.589099,547,552,5,549.5,2.5,1099,2,547,547,547
133,2,1554.589099,448,449,1,448.5,0.5,897,2,448,448,448
134,1,777.294549,107,107,0,107,0,107,1,107,107,107
135,1,777.294549,50,50,0,50,0,50,1,50,50,50
136,2,1554.589099,202,202,0,202,0,404,1,202,202,202
137,1,777.294549,604,604,0,604,0,604,1,604,604,604
138,1,777.294549,42,42,0,42,0,42,1,42,42,42
139,2,1554.589099,39,41,2,40,1,80,2,39,39,39
140,1,777.294549,48,48,0,48,0,48,1,48,48,48
141,2,1554.589099,215,217,2,216,1,432,2,215,215,215
142,2,1554.589099,938,939,1,938.5,0.5,1877,2,938,938,938
143,2,1554.589099,154,154,0,154,0,308,1,154,154,154
144,2,1554.589099,80,81,1,80.5,0.5,161,2,80,80,80
145,2,1554.589099,178,180,2,179,1,358,2,178,178,178
146,2,1554.589099,145,149,4,147,2,294,2,145,145,145
147,1,777.294549,915,915,0,915,0,915,1,915,915,915
148,2,1554.589099,76,78,2,77,1,154,2,76,76,76
149,2,1554.589099,570,575,5,572.5,2.5,1145,2,570,570,570
150,1,777.294549,572,572,0,572,0,572,1,572,572,572
151,2,1554.589099,239,239,0,239,0,478,1,239,239,239
152,2,1554.589099,264,265,1,264.5,0.5,529,2,264,264,264
153,1,777.294549,269,269,0,269,0,269,1,269,269,269
154,2,1554.589099,0,0,0,0,0,0,1,0,0,0
155,2,1554.589099,228,229,1,228.5,0.5,457,2,228,228,228
156,2,1554.589099,289,289,0,289,0,578,1,289,289,289
157,2,1554.589099,118,120,2,119,1,238,2,118,118,118
158,2,1554.589099,45,47,2,46,1,92,2,45,45,45
159,1,777.294549,535,535,0,535,0,535,1,535,535,535
160,2,1554.589099,316,317,1,316.5,0.5,633,2,316,316,316
161,2,1554.589099,285,286,1,285.5,0.5,571,2,285,285,285
162,2,1554.589099,84,85,1,84.5,0.5,169,2,84,84,84
163,2,1554.589099,373,373,0,373,0,746,1,373,373,373
164,2,1554.589099,247,248,1,247.5,0.5,495,2,247,247,247
165,2,1554.589099,331,332,1,331.5,0.5,663,2,331,331,331
166,1,777.294549,536,536,0,536,0,536,1,536,536,536
167,1,777.294549,60,60,0,60,0,60,1,60,60,60
168,2,1554.589099,120,121,1,120.5,0.5,241,2,120,120,120
169,2,1554.589099,747,748,1,747.5,0.5,1495,2,747,747,747
170,2,1554.589099,23,24,1,23.5,0.5,47,2,23,23,23
171,2,1554.589099,1079,1084,5,1081.5,2.5,2163,2,1079,1079,1079
172,1,777.294549,52,52,0,52,0,52,1,52,52,52
173,2,1554.589099,185,188,3,186.5,1.5,373,2,185,185,185
174,2,1554.589099,401,408,7,404.5,3.5,809,2,401,401,401
175,2,1554.589099,323,325,2,324,1,648,2,323,323,323
176,1,777.294549,277,277,0,277,0,277,1,277,277,277
177,2,1554.589099,108,109,1,108.5,0.5,217,2,108,108,108
178,1,777.294549,626,626,0,626,0,626,1,626,626,626
179,2,1554.589099,272,275,3,273.5,1.5,547,2,272,272,272
180,1,777.294549,546,546,0,546,0,546,1,546,546,546
181,2,1554.589099,762,763,1,762.5,0.5,1525,2,762,762,762
182,2,1554.589099,617,618,1,617.5,0.5,1235,2,617,617,617
183,2,1554.589099,12,12,0,12,0,24,1,12,12,12
184,1,777.294549,121,121,0,121,0,121,1,121,121,121
185,2,1554.589099,449,452,3,450.5,1.5,901,2,449,449,449
186,1,777.294549,442,442,0,442,0,442,1,442,442,442
187,1,777.294549,641,641,0,641,0,641,1,641,641,641
188,1,777.294549,9,9,0,9,0,9,1,9,9,9
189,2,1554.589099,163,170,7,166.5,3.5,333,2,163,163,163
190,2,1554.589099,245,255,10,250,5,500,2,245,245,245
191,1,777.294549,1,1,0,1,0,1,1,1,1,1
192,2,1554.589099,147,148,1,147.5,0.5,295,2,147,147,147
193,1,777.294549,118,118,0,118,0,118,1,118,118,118
194,1,777.294549,465,465,0,465,0,465,1,465,465,465
195,2,1554.589099,197,206,9,201.5,4.5,403,2,197,197,197
196,2,1554.589099,29,31,2,30,1,60,2,29,29,29
197,1,777.294549,155,155,0,155,0,155,1,155,155,155
198,1,777.294549,878,878,0,878,0,878,1,878,878,878
199,1,777.294549,325,325,0,325,0,325,1,325,325,325
200,2,1554.589099,767,769,2,768,1,1536,2,767,767,767
201,2,1554.589099,242,253,11,247.5,5.5,495,2,242,242,242
202,2,1554.589099,352,357,5,354.5,2.5,709,2,352,352,352
203,1,777.294549,247,247,0,247,0,247,1,247,247,247
204,2,1554.589099,41,41,0,41,0,82,1,41,41,41
205,1,777.294549,177,177,0,177,0,177,1,177,177,177
206,2,1554.589099,111,111,0,111,0,222,1,111,111,111
207,1,777.294549,568,568,0,568,0,568,1,568,568,568
208,1,777.294549,477,477,0,477,0,477,1,477,477,477
209,1,777.294549,326,326,0,326,0,326,1,326,326,326
210,2,1554.589099,1030,1033,3,1031.5,1.5,2063,2,1030,1030,1030
211,2,1554.589099,297,299,2,298,1,596,2,297,297,297
212,2,1554.589099,191,192,1,191.5,0.5,383,2,191,191,191
213,2,1554.589099,49,49,0,49,0,98,1,49,49,49
214,2,1554.589099,526,531,5,528.5,2.5,1057,2,526,526,526
215,1,777.294549,182,182,0,182,0,182,1,182,182,182
216,3,2331.883648,1073,1079,6,1075.666667,2.494438,3227,3,1073,1073,1075
217,2,1554.589099,9,10,1,9.5,0.5,19,2,9,9,9
218,2,1554.589099,290,290,0,290,0,580,1,290,290,290
219,2,1554.589099,74,76,2,75,1,150,2,74,74,74
220,2,1554.589099,583,584,1,583.5,0.5,1167,2,583,583,583
221,2,1554.589099,795,804,9,799.5,4.5,1599,2,795,795,795
222,1,777.294549,322,322,0,322,0,322,1,322,322,322
223,2,1554.589099,7,7,0,7,0,14,1,7,7,7
224,2,1554.589099,208,210,2,209,1,418,2,208,208,208
225,2,1554.589099,278,281,3,279.5,1.5,559,2,278,278,278
226,2,1554.589099,294,294,0,294,0,588,1,294,294,294
227,2,1554.589099,40,45,5,42.5,2.5,85,2,40,40,40
228,2,1554.589099,732,733,1,732.5,0.5,1465,2,732,732,732
229,2,1554.589099,86,86,0,86,0,172,1,86,86,86
230,1,777.294549,165,165,0,165,0,165,1,165,165,165
231,1,777.294549,749,749,0,749,0,749,1,749,749,749
232,2,1554.589099,533,542,9,537.5,4.5,1075,2,533,533,533
233,1,777.294549,145,145,0,145,0,145,1,145,145,145
234,1,777.294549,47,47,0,47,0,47,1,47,47,47
235,1,777.294549,742,742,0,742,0,742,1,742,742,742
236,2,1554.589099,1,1,0,1,0,2,1,1,1,1
237,1,777.294549,73,73,0,73,0,73,1,73,73,73
238,1,777.294549,21,21,0,21,0,21,1,21,21,21
239,1,777.294549,165,165,0,165,0,165,1,165,165,165
240,2,1554.589099,828,828,0,828,0,1656,1,828,828,828
241,1,777.294549,303,303,0,303,0,303,1,303,303,303
242,2,1554.589099,11,12,1,11.5,0.5,23,2,11,11,11
243,2,1554.589099,49,49,0,49,0,98,1,49,49,49
244,2,1554.589099,165,166,1,165.5,0.5,331,2,165,165,165
245,2,1554.589099,61,62,1,61.5,0.5,123,2,61,61,61
246,2,1554.589099,821,821,0,821,0,1642,1,821,821,821
247,1,777.294549,488,488,0,488,0,488,1,488,488,488
248,2,1554.589099,247,247,0,247,0,494,1,247,247,247
249,2,1554.589099,309,312,3,310.5,1.5,621,2,309,309,309
250,2,1554.589099,552,559,7,555.5,3.5,1111,2,552,552,552
251,2,1554.589099,530,539,9,534.5,4.5,1069,2,530,530,530
252,2,1554.589099,190,192,2,191,1,382,2,190,190,190
253,1,777.294549,260,260,0,260,0,260,1,260,260,260
254,2,1554.589099,231,233,2,232,1,464,2,231,231,231
255,2,1554.589099,241,242,1,241.5,0.5,483,2,241,241,241
256,2,1554.589099,108,110,2,109,1,218,2,108,108,108
257,2,1554.589099,489,495,6,492,3,984,2,489,489,489
258,2,1554.589099,246,247,1,246.5,0.5,493,2,246,246,246
259,1,777.294549,568,568,0,568,0,568,1,568,568,568
260,2,1554.589099,70,72,2,71,1,142,2,70,70,70
261,2,1554.589099,212,221,9,216.5,4.5,433,2,212,212,212
262,2,1554.589099,141,145,4,143,2,286,2,141,141,141
263,1,777.294549,775,775,0,775,0,775,1,775,775,775
264,1,777.294549,366,366,0,366,0,366,1,366,366,366
265,2,1554.589099,168,173,5,170.5,2.5,341,2,168,168,168
266,2,1554.589099,349,351,2,350,1,700,2,349,349,349
267,2,1554.589099,718,719,1,718.5,0.5,1437,2,718,718,718
268,2,1554.589099,70,71,1,70.5,0.5,141,2,70,70,70
269,2,1554.589099,614,614,0,614,0,1228,1,614,614,614
270,2,1554.589099,745,745,0,745,0,1490,1,745,745,745
271,1,777.294549,38,38,0,38,0,38,1,38,38,38
272,1,777.294549,107,107,0,107,0,107,1,107,107,107
273,1,777.294549,176,176,0,176,0,176,1,176,176,176
274,1,777.294549,324,324,0,324,0,324,1,324,324,324
275,2,1554.589099,537,537,0,537,0,1074,1,537,537,537
276,2,1554.589099,47,57,10,52,5,104,2,47,47,47
277,1,777.294549,166,166,0,166,0,166,1,166,166,166
278,1,777.294549,957,957,0,957,0,957,1,957,957,957
279,2,1554.589099,307,308,1,307.5,0.5,615,2,307,307,307
280,2,1554.589099,548,550,2,549,1,1098,2,548,548,548
281,2,1554.589099,84,89,5,86.5,2.5,173,2,84,84,84
282,2,1554.589099,175,176,1,175.5,0.5,351,2,175,175,175
283,1,777.294549,294,294,0,294,0,294,1,294,294,294
284,1,777.294549,375,375,0,375,0,375,1,375,375,375
285,1,777.294549,563,563,0,563,0,563,1,563,563,563
286,1,777.294549,134,134,0,134,0,134,1,134,134,134
287,1,777.294549,309,309,0,309,0,309,1,309,309,309
288,2,1554.589099,219,220,1,219.5,0.5,439,2,219,219,219
289,1,777.294549,83,83,0,83,0,83,1,83,83,83
290,2,1554.589099,102,104,2,103,1,206,2,102,102,102
291,1,777.294549,31,31,0,31,0,31,1,31,31,31
292,2,1554.589099,216,222,6,219,3,438,2,216,216,216
293,1,777.294549,25,25,0,25,0,25,1,25,25,25
294,2,1554.589099,324,334,10,329,5,658,2,324,324,324
295,2,1554.589099,135,136,1,135.5,0.5,271,2,135,135,135
296,2,1554.589099,226,226,0,226,0,452,1,226,226,226
297,2,1554.589099,315,316,1,315.5,0.5,631,2,315,315,315
298,2,1554.589099,25,26,1,25.5,0.5,51,2,25,25,25
299,1,777.294549,192,192,0,192,0,192,1,192,192,192
300,1,777.294549,430,430,0,430,0,430,1,430,430,430
301,2,1554.589099,156,159,3,157.5,1.5,315,2,156,156,156
302,2,1554.589099,690,690,0,690,0,1380,1,690,690,690
303,2,1554.589099,965,967,2,966,1,1932,2,965,965,965
304,1,777.294549,397,397,0,397,0,397,1,397,397,397
305,1,777.294549,459,459,0,459,0,459,1,459,459,459
306,2,1554.589099,242,246,4,244,2,488,2,242,242,242
307,2,1554.589099,259,260,1,259.5,0.5,519,2,259,259,259
308,2,1554.589099,185,185,0,185,0,370,1,185,185,185
309,2,1554.589099,170,174,4,172,2,344,2,170,170,170
310,2,1554.589099,345,345,0,345,0,690,1,345,345,345
311,1,777.294549,193,193,0,193,0,193,1,193,193,193
312,2,1554.589099,104,104,0,104,0,208,1,104,104,104
313,2,1554.589099,498,498,0,498,0,996,1,498,498,498
314,1,777.294549,243,243,0,243,0,243,1,243,243,243
315,2,1554.589099,852,859,7,855.5,3.5,1711,2,852,852,852
316,2,1554.589099,275,275,0,275,0,550,1,275,275,275
317,2,1554.589099,208,211,3,209.5,1.5,419,2,208,208,208
318,1,777.294549,137,137,0,137,0,137,1,137,137,137
319,2,1554.589099,344,345,1,344.5,0.5,689,2,344,344,344
320,2,1554.589099,275,279,4,277,2,554,2,275,275,275
321,2,1554.589099,441,441,0,441,0,882,1,441,441,441
322,2,1554.589099,392,396,4,394,2,788,2,392,392,392
323,2,1554.589099,290,294,4,292,2,584,2,290,290,290
324,2,1554.589099,481,482,1,481.5,0.5,963,2,481,481,481
325,1,777.294549,79,79,0,79,0,79,1,79,79,79
326,1,777.294549,30,30,0,30,0,30,1,30,30,30
327,2,1554.589099,217,222,5,219.5,2.5,439,2,217,217,217
328,1,777.294549,90,90,0,90,0,90,1,90,90,90
329,2,1554.589099,153,156,3,154.5,1.5,309,2,153,153,153
330,1,777.294549,316,316,0,316,0,316,1,316,316,316
331,2,1554.589099,978,982,4,980,2,1960,2,978,978,978
332,1,777.294549,686,686,0,686,0,686,1,686,686,686
333,2,1554.589099,139,144,5,141.5,2.5,283,2,139,139,139
334,2,1554.589099,180,182,2,181,1,362,2,180,180,180
335,1,777.294549,201,201,0,201,0,201,1,201,201,201
336,1,777.294549,220,220,0,220,0,220,1,220,220,220
337,2,1554.589099,183,184,1,183.5,0.5,367,2,183,183,183
338,1,777.294549,90,90,0,90,0,90,1,90,90,90
339,1,777.294549,27,27,0,27,0,27,1,27,27,27
340,2,1554.589099,2,3,1,2.5,0.5,5,2,2,2,2
341,1,777.294549,437,437,0,437,0,437,1,437,437,437
342,2,1554.589099,160,162,2,161,1,322,2,160,160,160
343,2,1554.589099,62,64,2,63,1,126,2,62,62,62
344,1,777.294549,584,584,0,584,0,584,1,584,584,584
345,1,777.294549,101,101,0,101,0,101,1,101,101,101
346,2,1554.589099,150,153,3,151.5,1.5,303,2,150,150,150
347,2,1554.589099,452,453,1,452.5,0.5,905,2,452,452,452
348,2,1554.589099,116,119,3,117.5,1.5,235,2,116,116,116
349,2,1554.589099,203,203,0,203,0,406,1,203,203,203
350,1,777.294549,1069,1069,0,1069,0,1069,1,1069,1069,1069
351,1,777.294549,484,484,0,484,0,484,1,484,484,484
352,2,1554.589099,595,604,9,599.5,4.5,1199,2,595,595,595
353,1,777.294549,185,185,0,185,0,185,1,185,185,185
354,2,1554.589099,45,50,5,47.5,2.5,95,2,45,45,45
355,2,1554.589099,22,24,2,23,1,46,2,22,22,22
356,2,1554.589099,308,312,4,310,2,620,2,308,308,308
357,2,1554.589099,265,266,1,265.5,0.5,531,2,265,265,265
358,1,777.294549,564,564,0,564,0,564,1,564,564,564
359,2,1554.589099,97,98,1,97.5,0.5,195,2,97,97,97
360,1,777.294549,46,46,0,46,0,46,1,46,46,46
361,2,1554.589099,400,401,1,400.5,0.5,801,2,400,400,400
362,2,1554.589099,419,429,10,424,5,848,2,419,419,419
363,2,1554.589099,204,205,1,204.5,0.5,409,2,204,204,204
364,1,777.294549,34,34,0,34,0,34,1,34,34,34
365,2,1554.589099,92,96,4,94,2,188,2,92,92,92
366,1,777.294549,227,227,0,227,0,227,1,227,227,227
367,2,1554.589099,251,256,5,253.5,2.5,507,2,251,251,251
368,2,1554.589099,735,735,0,735,0,1470,1,735,735,735
369,1,777.294549,631,631,0,631,0,631,1,631,631,631
370,1,777.294549,251,251,0,251,0,251,1,251,251,251
371,2,1554.589099,568,571,3,569.5,1.5,1139,2,568,568,568
372,2,1554.589099,124,129,5,126.5,2.5,253,2,124,124,124
373,2,1554.589099,119,120,1,119.5,0.5,239,2,119,119,119
374,2,1554.589099,364,366,2,365,1,730,2,364,364,364
375,2,1554.589099,243,244,1,243.5,0.5,487,2,243,243,243
376,1,777.294549,371,371,0,371,0,371,1,371,371,371
377,2,1554.589099,137,138,1,137.5,0.5,275,2,137,137,137
378,1,777.294549,36,36,0,36,0,36,1,36,36,36
379,2,1554.589099,197,200,3,198.5,1.5,397,2,197,197,197
380,1,777.294549,310,310,0,310,0,310,1,310,310,310
381,1,777.294549,555,555,0,555,0,555,1,555,555,555
382,2,1554.589099,91,91,0,91,0,182,1,91,91,91
383,2,1554.589099,816,826,10,821,5,1642,2,816,816,816
384,2,1554.589099,151,158,7,154.5,3.5,309,2,151,151,151
385,1,777.294549,170,170,0,170,0,170,1,170,170,170
386,2,1554.589099,180,180,0,180,0,360,1,180,180,180
387,2,1554.589099,199,203,4,201,2,402,2,199,199,199
388,2,1554.589099,921,926,5,923.5,2.5,1847,2,921,921,921
389,1,777.294549,412,412,0,412,0,412,1,412,412,412
390,1,777.294549,198,198,0,198,0,198,1,198,198,198
391,2,1554.589099,9,10,1,9.5,0.5,19,2,9,9,9
392,1,777.294549,145,145,0,145,0,145,1,145,145,145
393,2,1554.589099,611,612,1,611.5,0.5,1223,2,611,611,611
394,1,777.294549,61,61,0,61,0,61,1,61,61,61
395,1,777.294549,655,655,0,655,0,655,1,655,655,655
396,2,1554.589099,387,388,1,387.5,0.5,775,2,387,387,387
397,2,1554.589099,118,122,4,120,2,240,2,118,118,118
398,2,1554.589099,231,231,0,231,0,462,1,231,231,231
399,2,1554.589099,268,271,3,269.5,1.5,539,2,268,268,268
400,1,777.294549,338,338,0,338,0,338,1,338,338,338
401,1,777.294549,269,269,0,269,0,269,1,269,269,269
402,2,1554.589099,249,249,0,249,0,498,1,249,249,249
403,2,1554.589099,99,99,0,99,0,198,1,99,99,99
404,2,1554.589099,239,239,0,239,0,478,1,239,239,239
405,1,777.294549,168,168,0,168,0,168,1,168,168,168
406,1,777.294549,170,170,0,170,0,170,1,170,170,170
407,1,777.294549,144,144,0,144,0,144,1,144,144,144
408,2,1554.589099,804,814,10,809,5,1618,2,804,804,804
409,2,1554.589099,294,296,2,295,1,590,2,294,294,294
410,1,777.294549,22,22,0,22,0,22,1,22,22,22
411,2,1554.589099,221,222,1,221.5,0.5,443,2,221,221,221
412,2,1554.589099,-1,0,1,-0.5,0.5,-1,2,-1,-1,-1
413,2,1554.589099,27,30,3,28.5,1.5,57,2,27,27,27
414,2,1554.589099,156,156,0,156,0,312,1,156,156,156
415,2,1554.589099,68,69,1,68.5,0.5,137,2,68,68,68
416,1,777.294549,248,248,0,248,0,248,1,248,248,248
417,1,777.294549,57,57,0,57,0,57,1,57,57,57
418,2,1554.589099,437,443,6,440,3,880,2,437,437,437
419,2,1554.589099,37,38,1,37.5,0.5,75,2,37,37,37
420,2,1554.589099,83,84,1,83.5,0.5,167,2,83,83,83
421,2,1554.589099,586,587,1,586.5,0.5,1173,2,586,586,586
422,2,1554.589099,225,225,0,225,0,450,1,225,225,225
423,2,1554.589099,56,58,2,57,1,114,2,56,56,56
424,2,1554.589099,371,371,0,371,0,742,1,371,371,371
425,2,1554.589099,75,78,3,76.5,1.5,153,2,75,75,75
426,1,777.294549,324,324,0,324,0,324,1,324,324,324
427,2,1554.589099,9,12,3,10.5,1.5,21,2,9,9,9
428,2,1554.589099,169,169,0,169,0,338,1,169,169,169
429,1,777.294549,760,760,0,760,0,760,1,760,760,760
430,2,1554.589099,586,587,1,586.5,0.5,1173,2,586,586,586
431,2,1554.589099,21,21,0,21,0,42,1,21,21,21
432,1,777.294549,56,56,0,56,0,56,1,56,56,56
433,2,1554.589099,828,839,11,833.5,5.5,1667,2,828,828,828
434,1,777.294549,304,304,0,304,0,304,1,304,304,304
435,1,777.294549,531,531,0,531,0,531,1,531,531,531
436,1,777.294549,846,846,0,846,0,846,1,846,846,846
437,2,1554.589099,175,180,5,177.5,2.5,355,2,175,175,175
438,2,1554.589099,48,53,5,50.5,2.5,101,2,48,48,48
439,2,1554.589099,0,1,1,0.5,0.5,1,2,0,0,0
440,1,777.294549,349,349,0,349,0,349,1,349,349,349
441,1,777.294549,685,685,0,685,0,685,1,685,685,685
442,2,1554.589099,62,63,1,62.5,0.5,125,2,62,62,62
443,1,777.294549,219,219,0,219,0,219,1,219,219,219
444,2,1554.589099,690,694,4,692,2,1384,2,690,690,690
445,2,1554.589099,553,560,7,556.5,3.5,1113,2,553,553,553
446,1,777.294549,131,131,0,131,0,131,1,131,131,131
447,1,777.294549,162,162,0,162,0,162,1,162,162,162
448,2,1554.589099,702,703,1,702.5,0.5,1405,2,702,702,702
449,1,777.294549,159,159,0,159,0,159,1,159,159,159
450,2,1554.589099,769,770,1,769.5,0.5,1539,2,769,769,769
451,2,1554.589099,682,685,3,683.5,1.5,1367,2,682,682,682
452,2,1554.589099,22,23,1,22.5,0.5,45,2,22,22,22
453,2,1554.589099,252,254,2,253,1,506,2,252,252,252
454,2,1554.589099,920,926,6,923,3,1846,2,920,920,920
455,2,1554.589099,48,50,2,49,1,98,2,48,48,48
456,2,1554.589099,726,731,5,728.5,2.5,1457,2,726,726,726
457,2,1554.589099,546,552,6,549,3,1098,2,546,546,546
458,2,1554.589099,197,201,4,199,2,398,2,197,197,197
459,2,1554.589099,381,401,20,391,10,782,2,381,381,381
460,1,777.294549,760,760,0,760,0,760,1,760,760,760
461,1,777.294549,326,326,0,326,0,326,1,326,326,326
462,2,1554.589099,63,63,0,63,0,126,1,63,63,63
463,2,1554.589099,107,108,1,107.5,0.5,215,2,107,107,107
464,1,777.294549,261,261,0,261,0,261,1,261,261,261
465,1,777.294549,148,148,0,148,0,148,1,148,148,148
466,3,2331.883648,70,75,5,72,2.160247,216,3,70,70,71
467,2,1554.589099,459,460,1,459.5,0.5,919,2,459,459,459
468,2,1554.589099,51,51,0,51,0,102,1,51,51,51
469,2,1554.589099,658,660,2,659,1,1318,2,658,658,658
470,2,1554.589099,105,106,1,105.5,0.5,211,2,105,105,105
471,2,1554.589099,272,273,1,272.5,0.5,545,2,272,272,272
472,2,1554.589099,201,202,1,201.5,0.5,403,2,201,201,201
473,1,777.294549,718,718,0,718,0,718,1,718,718,718
474,2,1554.589099,166,170,4,168,2,336,2,166,166,166
475,2,1554.589099,768,771,3,769.5,1.5,1539,2,768,768,768
476,1,777.294549,672,672,0,672,0,672,1,672,672,672
477,2,1554.589099,615,622,7,618.5,3.5,1237,2,615,615,615
478,1,777.294549,145,145,0,145,0,145,1,145,145,145
479,2,1554.589099,658,665,7,661.5,3.5,1323,2,658,658,658
480,2,1554.589099,299,308,9,303.5,4.5,607,2,299,299,299
481,2,1554.589099,165,166,1,165.5,0.5,331,2,165,165,165
482,2,1554.589099,278,284,6,281,3,562,2,278,278,278
483,1,777.294549,322,322,0,322,0,322,1,322,322,322
484,1,777.294549,208,208,0,208,0,208,1,208,208,208
485,2,1554.589099,103,104,1,103.5,0.5,207,2,103,103,103
486,1,777.294549,95,95,0,95,0,95,1,95,95,95
487,2,1554.589099,110,111,1,110.5,0.5,221,2,110,110,110
488,1,777.294549,788,788,0,788,0,788,1,788,788,788
489,2,1554.589099,74,76,2,75,1,150,2,74,74,74
490,2,1554.589099,204,205,1,204.5,0.5,409,2,204,204,204
491,1,777.294549,209,209,0,209,0,209,1,209,209,209
492,2,1554.589099,791,792,1,791.5,0.5,1583,2,791,791,791
493,1,777.294549,423,423,0,423,0,423,1,423,423,423
494,1,777.294549,267,267,0,267,0,267,1,267,267,267
495,1,777.294549,63,63,0,63,0,63,1,63,63,63
496,2,1554.589099,157,158,1,157.5,0.5,315,2,157,157,157
497,2,1554.589099,120,123,3,121.5,1.5,243,2,120,120,120
498,2,1554.589099,321,327,6,324,3,648,2,321,321,321
499,1,777.294549,199,199,0,199,0,199,1,199,199,199
500,2,1554.589099,692,694,2,693,1,1386,2,692,692,692
501,2,1554.589099,801,802,1,801.5,0.5,1603,2,801,801,801
502,2,1554.589099,69,69,0,69,0,138,1,69,69,69
503,2,1554.589099,644,648,4,646,2,1292,2,644,644,644
504,1,777.294549,955,955,0,955,0,955,1,955,955,955
505,2,1554.589099,189,189,0,189,0,378,1,189,189,189
506,2,1554.589099,33,33,0,33,0,66,1,33,33,33
507,2,1554.589099,122,122,0,122,0,244,1,122,122,122
508,2,1554.589099,173,181,8,177,4,354,2,173,173,173
509,2,1554.589099,157,157,0,157,0,314,1,157,157,157
510,1,777.294549,548,548,0,548,0,548,1,548,548,548
511,2,1554.589099,323,326,3,324.5,1.5,649,2,323,323,323
512,2,1554.589099,88,88,0,88,0,176,1,88,88,88
513,2,1554.589099,52,54,2,53,1,106,2,52,52,52
514,2,1554.589099,297,300,3,298.5,1.5,597,2,297,297,297
515,1,777.294549,209,209,0,209,0,209,1,209,209,209
516,2,1554.589099,202,207,5,204.5,2.5,409,2,202,202,202
517,2,1554.589099,290,290,0,290,0,580,1,290,290,290
518,2,1554.589099,163,164,1,163.5,0.5,327,2,163,163,163
519,2,1554.589099,472,474,2,473,1,946,2,472,472,472
520,2,1554.589099,591,597,6,594,3,1188,2,591,591,591
521,2,1554.589099,232,232,0,232,0,464,1,232,232,232
522,1,777.294549,136,136,0,136,0,136,1,136,136,136
523,2,1554.589099,719,723,4,721,2,1442,2,719,719,719
524,2,1554.589099,337,340,3,338.5,1.5,677,2,337,337,337
525,1,777.294549,836,836,0,836,0,836,1,836,836,836
526,2,1554.589099,429,430,1,429.5,0.5,859,2,429,429,429
527,1,777.294549,60,60,0,60,0,60,1,60,60,60
528,1,777.294549,392,392,0,392,0,392,1,392,392,392
529,2,1554.589099,68,68,0,68,0,136,1,68,68,68
530,1,777.294549,150,150,0,150,0,150,1,150,150,150
531,2,1554.589099,223,226,3,224.5,1.5,449,2,223,223,223
532,1,777.294549,831,831,0,831,0,831,1,831,831,831
533,2,1554.589099,93,104,11,98.5,5.5,197,2,93,93,93
534,2,1554.589099,592,592,0,592,0,1184,1,592,592,592
535,1,777.294549,779,779,0,779,0,779,1,779,779,779
536,1,777.294549,212,212,0,212,0,212,1,212,212,212
537,2,1554.589099,687,688,1,687.5,0.5,1375,2,687,687,687
538,2,1554.589099,653,661,8,657,4,1314,2,653,653,653
539,1,777.294549,33,33,0,33,0,33,1,33,33,33
540,1,777.294549,236,236,0,236,0,236,1,236,236,236
541,1,777.294549,248,248,0,248,0,248,1,248,248,248
542,1,777.294549,5,5,0,5,0,5,1,5,5,5
543,2,1554.589099,260,264,4,262,2,524,2,260,260,260
544,1,777.294549,185,185,0,185,0,185,1,185,185,185
545,2,1554.589099,791,793,2,792,1,1584,2,791,791,791
546,2,1554.589099,575,575,0,575,0,1150,1,575,575,575
547,2,1554.589099,273,273,0,273,0,546,1,273,273,273
548,2,1554.589099,281,290,9,285.5,4.5,571,2,281,281,281
549,2,1554.589099,65,65,0,65,0,130,1,65,65,65
550,2,1554.589099,2,2,0,2,0,4,1,2,2,2
551,2,1554.589099,30,31,1,30.5,0.5,61,2,30,30,30
552,2,1554.589099,90,92,2,91,1,182,2,90,90,90
553,1,777.294549,619,619,0,619,0,619,1,619,619,619
554,2,1554.589099,323,329,6,326,3,652,2,323,323,323
555,2,1554.589099,484,492,8,488,4,976,2,484,484,484
556,2,1554.589099,460,461,1,460.5,0.5,921,2,460,460,460
557,1,777.294549,296,296,0,296,0,296,1,296,296,296
558,1,777.294549,203,203,0,203,0,203,1,203,203,203
559,1,777.294549,348,348,0,348,0,348,1,348,348,348
560,1,777.294549,311,311,0,311,0,311,1,311,311,311
561,2,1554.589099,140,142,2,141,1,282,2,140,140,140
562,2,1554.589099,67,68,1,67.5,0.5,135,2,67,67,67
563,1,777.294549,640,640,0,640,0,640,1,640,640,640
564,2,1554.589099,675,682,7,678.5,3.5,1357,2,675,675,675
565,2,1554.589099,709,712,3,710.5,1.5,1421,2,709,709,709
566,1,777.294549,495,495,0,495,0,495,1,495,495,495
567,3,2331.883648,1240,1242,2,1240.666667,0.942809,3722,2,1240,1242,1240
568,1,777.294549,296,296,0,296,0,296,1,296,296,296
569,1,777.294549,64,64,0,64,0,64,1,64,64,64
570,2,1554.589099,703,708,5,705.5,2.5,1411,2,703,703,703
571,2,1554.589099,740,743,3,741.5,1.5,1483,2,740,740,740
572,1,777.294549,103,103,0,103,0,103,1,103,103,103
573,1,777.294549,314,314,0,314,0,314,1,314,314,314
574,2,1554.589099,501,506,5,503.5,2.5,1007,2,501,501,501
575,2,1554.589099,47,51,4,49,2,98,2,47,47,47
576,1,777.294549,55,55,0,55,0,55,1,55,55,55
577,1,777.294549,110,110,0,110,0,110,1,110,110,110
578,1,777.294549,159,159,0,159,0,159,1,159,159,159
579,1,777.294549,262,262,0,262,0,262,1,262,262,262
580,3,2331.883648,322,323,1,322.333333,0.471405,967,2,322,323,322
581,1,777.294549,766,766,0,766,0,766,1,766,766,766
582,2,1554.589099,189,189,0,189,0,378,1,189,189,189
583,2,1554.589099,178,183,5,180.5,2.5,361,2,178,178,178
584,1,777.294549,274,274,0,274,0,274,1,274,274,274
585,2,1554.589099,185,185,0,185,0,370,1,185,185,185
586,2,1554.589099,859,859,0,859,0,1718,1,859,859,859
587,2,1554.589099,470,478,8,474,4,948,2,470,470,470
588,1,777.294549,541,541,0,541,0,541,1,541,541,541
589,1,777.294549,247,247,0,247,0,247,1,247,247,247
590,3,2331.883648,6,12,6,9,2.44949,27,3,6,6,9
591,1,777.294549,7,7,0,7,0,7,1,7,7,7
592,2,1554.589099,113,113,0,113,0,226,1,113,113,113
593,1,777.294549,197,197,0,197,0,197,1,197,197,197
594,1,777.294549,187,187,0,187,0,187,1,187,187,187
595,2,1554.589099,174,176,2,175,1,350,2,174,174,174
596,2,1554.589099,295,296,1,295.5,0.5,591,2,295,295,295
597,1,777.294549,257,257,0,257,0,257,1,257,257,257
598,2,1554.589099,177,178,1,177.5,0.5,355,2,177,177,177
599,2,1554.589099,210,213,3,211.5,1.5,423,2,210,210,210
600,1,777.294549,290,290,0,290,0,290,1,290,290,290
601,2,1554.589099,228,228,0,228,0,456,1,228,228,228
602,2,1554.589099,243,243,0,243,0,486,1,243,243,243
603,2,1554.589099,156,157,1,156.5,0.5,313,2,156,156,156
604,1,777.294549,29,29,0,29,0,29,1,29,29,29
605,2,1554.589099,284,284,0,284,0,568,1,284,284,284
606,2,1554.589099,283,283,0,283,0,566,1,283,283,283
607,2,1554.589099,131,132,1,131.5,0.5,263,2,131,131,131
608,1,777.294549,516,516,0,516,0,516,1,516,516,516
609,1,777.294549,387,387,0,387,0,387,1,387,387,387
610,2,1554.589099,440,442,2,441,1,882,2,440,440,440
611,2,1554.589099,76,80,4,78,2,156,2,76,76,76
612,2,1554.589099,529,530,1,529.5,0.5,1059,2,529,529,529
613,2,1554.589099,612,616,4,614,2,1228,2,612,612,612
614,2,1554.589099,445,453,8,449,4,898,2,445,445,445
615,2,1554.589099,462,462,0,462,0,924,1,462,462,462
616,2,1554.589099,528,528,0,528,0,1056,1,528,528,528
617,2,1554.589099,200,201,1,200.5,0.5,401,2,200,200,200
618,2,1554.589099,448,448,0,448,0,896,1,448,448,448
619,2,1554.589099,70,74,4,72,2,144,2,70,70,70
620,2,1554.589099,629,637,8,633,4,1266,2,629,629,629
621,2,1554.589099,884,887,3,885.5,1.5,1771,2,884,884,884
622,2,1554.589099,218,218,0,218,0,436,1,218,218,218
623,2,1554.589099,327,328,1,327.5,0.5,655,2,327,327,327
624,1,777.294549,852,852,0,852,0,852,1,852,852,852
625,1,777.294549,105,105,0,105,0,105,1,105,105,105
626,1,777.294549,829,829,0,829,0,829,1,829,829,829
627,2,1554.589099,242,242,0,242,0,484,1,242,242,242
628,1,777.294549,202,202,0,202,0,202,1,202,202,202
629,2,1554.589099,1043,1046,3,1044.5,1.5,2089,2,1043,1043,1043
630,1,777.294549,0,0,0,0,0,0,1,0,0,0
631,1,777.294549,685,685,0,685,0,685,1,685,685,685
632,1,777.294549,83,83,0,83,0,83,1,83,83,83
633,3,2331.883648,678,682,4,679.666667,1.699673,2039,3,678,678,679
634,2,1554.589099,281,283,2,282,1,564,2,281,281,281
635,2,1554.589099,208,209,1,208.5,0.5,417,2,208,208,208
636,2,1554.589099,327,328,1,327.5,0.5,655,2,327,327,327
637,1,777.294549,168,168,0,168,0,168,1,168,168,168
638,2,1554.589099,13,13,0,13,0,26,1,13,13,13
639,1,777.294549,355,355,0,355,0,355,1,355,355,355
640,2,1554.589099,472,474,2,473,1,946,2,472,472,472
641,2,1554.589099,0,0,0,0,0,0,1,0,0,0
642,2,1554.589099,163,165,2,164,1,328,2,163,163,163
643,1,777.294549,28,28,0,28,0,28,1,28,28,28
644,2,1554.589099,153,158,5,155.5,2.5,311,2,153,153,153
645,2,1554.589099,628,629,1,628.5,0.5,1257,2,628,628,628
646,1,777.294549,256,256,0,256,0,256,1,256,256,256
647,1,777.294549,576,576,0,576,0,576,1,576,576,576
648,2,1554.589099,124,124,0,124,0,248,1,124,124,124
649,1,777.294549,667,667,0,667,0,667,1,667,667,667
650,1,777.294549,193,193,0,193,0,193,1,193,193,193
651,1,777.294549,491,491,0,491,0,491,1,491,491,491
652,1,777.294549,133,133,0,133,0,133,1,133,133,133
653,2,1554.589099,64,64,0,64,0,128,1,64,64,64
654,1,777.294549,441,441,0,441,0,441,1,441,441,441
655,1,777.294549,103,103,0,103,0,103,1,103,103,103
656,2,1554.589099,203,206,3,204.5,1.5,409,2,203,203,203
657,1,777.294549,100,100,0,100,0,100,1,100,100,100
658,1,777.294549,214,214,0,214,0,214,1,214,214,214
659,1,777.294549,98,98,0,98,0,98,1,98,98,98
660,2,1554.589099,173,174,1,173.5,0.5,347,2,173,173,173
661,1,777.294549,636,636,0,636,0,636,1,636,636,636
662,1,777.294549,121,121,0,121,0,121,1,121,121,121
663,2,1554.589099,183,185,2,184,1,368,2,183,183,183
664,1,777.294549,101,101,0,101,0,101,1,101,101,101
665,1,777.294549,123,123,0,123,0,123,1,123,123,123
666,1,777.294549,813,813,0,813,0,813,1,813,813,813
667,2,1554.589099,341,342,1,341.5,0.5,683,2,341,341,341
668,1,777.294549,1261,1261,0,1261,0,1261,1,1261,1261,1261
669,2,1554.589099,82,85,3,83.5,1.5,167,2,82,82,82
670,1,777.294549,329,329,0,329,0,329,1,329,329,329
671,2,1554.589099,290,299,9,294.5,4.5,589,2,290,290,290
672,1,777.294549,94,94,0,94,0,94,1,94,94,94
673,1,777.294549,224,224,0,224,0,224,1,224,224,224
674,2,1554.589099,355,356,1,355.5,0.5,711,2,355,355,355
675,1,777.294549,3,3,0,3,0,3,1,3,3,3
676,1,777.294549,648,648,0,648,0,648,1,648,648,648
677,2,1554.589099,61,63,2,62,1,124,2,61,61,61
678,2,1554.589099,35,35,0,35,0,70,1,35,35,35
679,1,777.294549,207,207,0,207,0,207,1,207,207,207
680,1,777.294549,571,571,0,571,0,571,1,571,571,571
681,2,1554.589099,100,100,0,100,0,200,1,100,100,100
682,2,1554.589099,134,135,1,134.5,0.5,269,2,134,134,134
683,2,1554.589099,332,334,2,333,1,666,2,332,332,332
684,2,1554.589099,927,931,4,929,2,1858,2,927,927,927
685,1,777.294549,437,437,0,437,0,437,1,437,437,437
686,1,777.294549,382,382,0,382,0,382,1,382,382,382
687,2,1554.589099,448,449,1,448.5,0.5,897,2,448,448,448
688,1,777.294549,163,163,0,163,0,163,1,163,163,163
689,2,1554.589099,57,57,0,57,0,114,1,57,57,57
690,1,777.294549,553,553,0,553,0,553,1,553,553,553
691,1,777.294549,802,802,0,802,0,802,1,802,802,802
692,1,777.294549,37,37,0,37,0,37,1,37,37,37
693,1,777.294549,204,204,0,204,0,204,1,204,204,204
694,2,1554.589099,178,178,0,178,0,356,1,178,178,178
695,2,1554.589099,841,845,4,843,2,1686,2,841,841,841
696,1,777.294549,94,94,0,94,0,94,1,94,94,94
697,2,1554.589099,832,834,2,833,1,1666,2,832,832,832
698,2,1554.589099,381,384,3,382.5,1.5,765,2,381,381,381
699,1,777.294549,136,136,0,136,0,136,1,136,136,136
700,1,777.294549,278,278,0,278,0,278,1,278,278,278
701,1,777.294549,48,48,0,48,0,48,1,48,48,48
702,2,1554.589099,382,391,9,386.5,4.5,773,2,382,382,382
703,2,1554.589099,234,234,0,234,0,468,1,234,234,234
704,2,1554.589099,157,157,0,157,0,314,1,157,157,157
705,1,777.294549,78,78,0,78,0,78,1,78,78,78
706,2,1554.589099,33,37,4,35,2,70,2,33,33,33
707,2,1554.589099,72,73,1,72.5,0.5,145,2,72,72,72
708,2,1554.589099,181,182,1,181.5,0.5,363,2,181,181,181
709,1,777.294549,361,361,0,361,0,361,1,361,361,361
710,1,777.294549,25,25,0,25,0,25,1,25,25,25
711,2,1554.589099,256,256,0,256,0,512,1,256,256,256
712,2,1554.589099,545,554,9,549.5,4.5,1099,2,545,545,545
713,2,1554.589099,38,38,0,38,0,76,1,38,38,38
714,1,777.294549,210,210,0,210,0,210,1,210,210,210
715,2,1554.589099,277,279,2,278,1,556,2,277,277,277
716,1,777.294549,89,89,0,89,0,89,1,89,89,89
717,2,1554.589099,102,102,0,102,0,204,1,102,102,102
718,2,1554.589099,309,309,0,309,0,618,1,309,309,309
719,1,777.294549,268,268,0,268,0,268,1,268,268,268
720,1,777.294549,577,577,0,577,0,577,1,577,577,577
721,2,1554.589099,106,106,0,106,0,212,1,106,106,106
722,3,2331.883648,118,120,2,119.333333,0.942809,358,2,120,118,120
723,1,777.294549,592,592,0,592,0,592,1,592,592,592
724,2,1554.589099,118,123,5,120.5,2.5,241,2,118,118,118
725,2,1554.589099,247,247,0,247,0,494,1,247,247,247
726,1,777.294549,371,371,0,371,0,371,1,371,371,371
727,2,1554.589099,43,44,1,43.5,0.5,87,2,43,43,43
728,2,1554.589099,449,453,4,451,2,902,2,449,449,449
729,2,1554.589099,349,350,1,349.5,0.5,699,2,349,349,349
730,2,1554.589099,59,62,3,60.5,1.5,121,2,59,59,59
731,2,1554.589099,262,265,3,263.5,1.5,527,2,262,262,262
732,2,1554.589099,162,166,4,164,2,328,2,162,162,162
733,1,777.294549,167,167,0,167,0,167,1,167,167,167
734,1,777.294549,264,264,0,264,0,264,1,264,264,264
735,2,1554.589099,685,692,7,688.5,3.5,1377,2,685,685,685
736,2,1554.589099,1024,1028,4,1026,2,2052,2,1024,1024,1024
737,2,1554.589099,76,79,3,77.5,1.5,155,2,76,76,76
738,1,777.294549,262,262,0,262,0,262,1,262,262,262
739,2,1554.589099,60,64,4,62,2,124,2,60,60,60
740,1,777.294549,299,299,0,299,0,299,1,299,299,299
741,1,777.294549,349,349,0,349,0,349,1,349,349,349
742,2,1554.589099,284,295,11,289.5,5.5,579,2,284,284,284
743,2,1554.589099,249,249,0,249,0,498,1,249,249,249
744,2,1554.589099,705,706,1,705.5,0.5,1411,2,705,705,705
745,2,1554.589099,272,274,2,273,1,546,2,272,272,272
746,2,1554.589099,392,392,0,392,0,784,1,392,392,392
747,1,777.294549,826,826,0,826,0,826,1,826,826,826
748,2,1554.589099,908,916,8,912,4,1824,2,908,908,908
749,2,1554.589099,84,86,2,85,1,170,2,84,84,84
750,2,1554.589099,153,153,0,153,0,306,1,153,153,153
751,2,1554.589099,141,142,1,141.5,0.5,283,2,141,141,141
752,1,777.294549,426,426,0,426,0,426,1,426,426,426
753,2,1554.589099,204,204,0,204,0,408,1,204,204,204
754,2,1554.589099,102,105,3,103.5,1.5,207,2,102,102,102
755,2,1554.589099,81,83,2,82,1,164,2,81,81,81
756,1,777.294549,765,765,0,765,0,765,1,765,765,765
757,2,1554.589099,145,154,9,149.5,4.5,299,2,145,145,145
758,2,1554.589099,818,820,2,819,1,1638,2,818,818,818
759,2,1554.589099,698,699,1,698.5,0.5,1397,2,698,698,698
760,2,1554.589099,822,822,0,822,0,1644,1,822,822,822
761,2,1554.589099,214,216,2,215,1,430,2,214,214,214
762,2,1554.589099,69,77,8,73,4,146,2,69,69,69
763,2,1554.589099,367,381,14,374,7,748,2,367,367,367
764,2,1554.589099,371,377,6,374,3,748,2,371,371,371
765,1,777.294549,150,150,0,150,0,150,1,150,150,150
766,1,777.294549,64,64,0,64,0,64,1,64,64,64
767,2,1554.589099,182,183,1,182.5,0.5,365,2,182,182,182
768,1,777.294549,721,721,0,721,0,721,1,721,721,721
769,1,777.294549,205,205,0,205,0,205,1,205,205,205
770,2,1554.589099,49,49,0,49,0,98,1,49,49,49
771,2,1554.589099,111,114,3,112.5,1.5,225,2,111,111,111
772,2,1554.589099,559,562,3,560.5,1.5,1121,2,559,559,559
773,2,1554.589099,203,203,0,203,0,406,1,203,203,203
774,2,1554.589099,453,454,1,453.5,0.5,907,2,453,453,453
775,1,777.294549,480,480,0,480,0,480,1,480,480,480
776,2,1554.589099,32,32,0,32,0,64,1,32,32,32
777,2,1554.589099,214,214,0,214,0,428,1,214,214,214
778,2,1554.589099,433,434,1,433.5,0.5,867,2,433,433,433
779,2,1554.589099,410,414,4,412,2,824,2,410,410,410
780,1,777.294549,221,221,0,221,0,221,1,221,221,221
781,2,1554.589099,745,745,0,745,0,1490,1,745,745,745
782,2,1554.589099,627,632,5,629.5,2.5,1259,2,627,627,627
783,2,1554.589099,110,113,3,111.5,1.5,223,2,110,110,110
784,2,1554.589099,734,735,1,734.5,0.5,1469,2,734,734,734
785,1,777.294549,1056,1056,0,1056,0,1056,1,1056,1056,1056
786,1,777.294549,9,9,0,9,0,9,1,9,9,9
787,2,1554.589099,167,178,11,172.5,5.5,345,2,167,167,167
788,2,1554.589099,100,104,4,102,2,204,2,100,100,100
789,1,777.294549,744,744,0,744,0,744,1,744,744,744
790,1,777.294549,455,455,0,455,0,455,1,455,455,455
791,2,1554.589099,817,819,2,818,1,1636,2,817,817,817
792,1,777.294549,374,374,0,374,0,374,1,374,374,374
793,2,1554.589099,123,123,0,123,0,246,1,123,123,123
794,1,777.294549,53,53,0,53,0,53,1,53,53,53
795,2,1554.589099,536,537,1,536.5,0.5,1073,2,536,536,536
796,2,1554.589099,381,381,0,381,0,762,1,381,381,381
797,2,1554.589099,768,774,6,771,3,1542,2,768,768,768
798,1,777.294549,336,336,0,336,0,336,1,336,336,336
799,2,1554.589099,146,146,0,146,0,292,1,146,146,146
800,1,777.294549,57,57,0,57,0,57,1,57,57,57
801,2,1554.589099,241,241,0,241,0,482,1,241,241,241
802,1,777.294549,151,151,0,151,0,151,1,151,151,151
803,1,777.294549,173,173,0,173,0,173,1,173,173,173
804,2,1554.589099,169,171,2,170,1,340,2,169,169,169
805,2,1554.589099,866,869,3,867.5,1.5,1735,2,866,866,866
806,3,2331.883648,85,105,20,97,8.640988,291,3,85,85,101
807,2,1554.589099,68,69,1,68.5,0.5,137,2,68,68,68
808,2,1554.589099,78,79,1,78.5,0.5,157,2,78,78,78
809,1,777.294549,297,297,0,297,0,297,1,297,297,297
810,1,777.294549,96,96,0,96,0,96,1,96,96,96
811,1,777.294549,288,288,0,288,0,288,1,288,288,288
812,2,1554.589099,320,323,3,321.5,1.5,643,2,320,320,320
813,2,1554.589099,821,824,3,822.5,1.5,1645,2,821,821,821
814,2,1554.589099,247,250,3,248.5,1.5,497,2,247,247,247
815,1,777.294549,28,28,0,28,0,28,1,28,28,28
816,2,1554.589099,353,353,0,353,0,706,1,353,353,353
817,2,1554.589099,223,223,0,223,0,446,1,223,223,223
818,2,1554.589099,406,411,5,408.5,2.5,817,2,406,406,406
819,2,1554.589099,176,177,1,176.5,0.5,353,2,176,176,176
820,1,777.294549,271,271,0,271,0,271,1,271,271,271
821,2,1554.589099,773,777,4,775,2,1550,2,773,773,773
822,2,1554.589099,38,39,1,38.5,0.5,77,2,38,38,38
823,2,1554.589099,391,391,0,391,0,782,1,391,391,391
824,2,1554.589099,258,267,9,262.5,4.5,525,2,258,258,258
825,1,777.294549,17,17,0,17,0,17,1,17,17,17
826,1,777.294549,409,409,0,409,0,409,1,409,409,409
827,2,1554.589099,143,146,3,144.5,1.5,289,2,143,143,143
828,2,1554.589099,347,350,3,348.5,1.5,697,2,347,347,347
829,1,777.294549,242,242,0,242,0,242,1,242,242,242
830,1,777.294549,23,23,0,23,0,23,1,23,23,23
831,1,777.294549,370,370,0,370,0,370,1,370,370,370
832,1,777.294549,571,571,0,571,0,571,1,571,571,571
833,2,1554.589099,844,848,4,846,2,1692,2,844,844,844
834,2,1554.589099,246,248,2,247,1,494,2,246,246,246
835,2,1554.589099,307,311,4,309,2,618,2,307,307,307
836,2,1554.589099,690,694,4,692,2,1384,2,690,690,690
837,2,1554.589099,472,474,2,473,1,946,2,472,472,472
838,1,777.294549,105,105,0,105,0,105,1,105,105,105
839,2,1554.589099,9,9,0,9,0,18,1,9,9,9
840,1,777.294549,637,637,0,637,0,637,1,637,637,637
841,1,777.294549,603,603,0,603,0,603,1,603,603,603
842,2,1554.589099,126,127,1,126.5,0.5,253,2,126,126,126
843,2,1554.589099,61,61,0,61,0,122,1,61,61,61
844,2,1554.589099,369,374,5,371.5,2.5,743,2,369,369,369
845,2,1554.589099,345,346,1,345.5,0.5,691,2,345,345,345
846,2,1554.589099,350,351,1,350.5,0.5,701,2,350,350,350
847,2,1554.589099,698,703,5,700.5,2.5,1401,2,698,698,698
848,1,777.294549,271,271,0,271,0,271,1,271,271,271
849,2,1554.589099,221,222,1,221.5,0.5,443,2,221,221,221
850,2,1554.589099,486,494,8,490,4,980,2,486,486,486
851,2,1554.589099,373,381,8,377,4,754,2,373,373,373
852,1,777.294549,306,306,0,306,0,306,1,306,306,306
853,1,777.294549,225,225,0,225,0,225,1,225,225,225
854,2,1554.589099,82,85,3,83.5,1.5,167,2,82,82,82
855,2,1554.589099,452,455,3,453.5,1.5,907,2,452,452,452
856,1,777.294549,143,143,0,143,0,143,1,143,143,143
857,2,1554.589099,261,263,2,262,1,524,2,261,261,261
858,2,1554.589099,789,792,3,790.5,1.5,1581,2,789,789,789
859,2,1554.589099,152,158,6,155,3,310,2,152,152,152
860,1,777.294549,173,173,0,173,0,173,1,173,173,173
861,2,1554.589099,93,93,0,93,0,186,1,93,93,93
862,2,1554.589099,60,60,0,60,0,120,1,60,60,60
863,3,2331.883648,47,69,22,55.666667,9.568467,167,3,47,47,51
864,2,1554.589099,12,13,1,12.5,0.5,25,2,12,12,12
865,1,777.294549,389,389,0,389,0,389,1,389,389,389
866,2,1554.589099,284,292,8,288,4,576,2,284,284,284
867,2,1554.589099,352,355,3,353.5,1.5,707,2,352,352,352
868,2,1554.589099,204,210,6,207,3,414,2,204,204,204
869,1,777.294549,848,848,0,848,0,848,1,848,848,848
870,2,1554.589099,423,423,0,423,0,846,1,423,423,423
871,2,1554.589099,486,489,3,487.5,1.5,975,2,486,486,486
872,2,1554.589099,148,151,3,149.5,1.5,299,2,148,148,148
873,1,777.294549,229,229,0,229,0,229,1,229,229,229
874,2,1554.589099,59,59,0,59,0,118,1,59,59,59
875,2,1554.589099,16,17,1,16.5,0.5,33,2,16,16,16
876,2,1554.589099,451,466,15,458.5,7.5,917,2,451,451,451
877,2,1554.589099,64,65,1,64.5,0.5,129,2,64,64,64
878,2,1554.589099,299,308,9,303.5,4.5,607,2,299,299,299
879,2,1554.589099,1140,1146,6,1143,3,2286,2,1140,1140,1140
880,2,1554.589099,648,650,2,649,1,1298,2,648,648,648
881,2,1554.589099,332,335,3,333.5,1.5,667,2,332,332,332
882,2,1554.589099,476,476,0,476,0,952,1,476,476,476
883,1,777.294549,59,59,0,59,0,59,1,59,59,59
884,2,1554.589099,188,189,1,188.5,0.5,377,2,188,188,188
885,2,1554.589099,276,276,0,276,0,552,1,276,276,276
886,1,777.294549,410,410,0,410,0,410,1,410,410,410
887,1,777.294549,393,393,0,393,0,393,1,393,393,393
888,2,1554.589099,234,239,5,236.5,2.5,473,2,234,234,234
889,2,1554.589099,605,605,0,605,0,1210,1,605,605,605
890,2,1554.589099,201,201,0,201,0,402,1,201,201,201
891,2,1554.589099,299,301,2,300,1,600,2,299,299,299
892,1,777.294549,64,64,0,64,0,64,1,64,64,64
893,2,1554.589099,583,596,13,589.5,6.5,1179,2,583,583,583
894,1,777.294549,92,92,0,92,0,92,1,92,92,92
895,2,1554.589099,566,568,2,567,1,1134,2,566,566,566
896,1,777.294549,230,230,0,230,0,230,1,230,230,230
897,1,777.294549,185,185,0,185,0,185,1,185,185,185
898,2,1554.589099,147,147,0,147,0,294,1,147,147,147
899,2,1554.589099,774,776,2,775,1,1550,2,774,774,774
900,1,777.294549,698,698,0,698,0,698,1,698,698,698
901,2,1554.589099,403,405,2,404,1,808,2,403,403,403
902,2,1554.589099,645,648,3,646.5,1.5,1293,2,645,645,645
903,2,1554.589099,446,450,4,448,2,896,2,446,446,446
904,1,777.294549,348,348,0,348,0,348,1,348,348,348
905,2,1554.589099,875,880,5,877.5,2.5,1755,2,875,875,875
906,1,777.294549,217,217,0,217,0,217,1,217,217,217
907,2,1554.589099,48,51,3,49.5,1.5,99,2,48,48,48
908,2,1554.589099,397,398,1,397.5,0.5,795,2,397,397,397
909,2,1554.589099,267,267,0,267,0,534,1,267,267,267
910,2,1554.589099,865,869,4,867,2,1734,2,865,865,865
911,2,1554.589099,504,509,5,506.5,2.5,1013,2,504,504,504
912,1,777.294549,323,323,0,323,0,323,1,323,323,323
913,2,1554.589099,226,231,5,228.5,2.5,457,2,226,226,226
914,1,777.294549,152,152,0,152,0,152,1,152,152,152
915,2,1554.589099,47,49,2,48,1,96,2,47,47,47
916,2,1554.589099,204,205,1,204.5,0.5,409,2,204,204,204
917,2,1554.589099,295,295,0,295,0,590,1,295,295,295
918,2,1554.589099,219,219,0,219,0,438,1,219,219,219
919,2,1554.589099,220,220,0,220,0,440,1,220,220,220
920,1,777.294549,18,18,0,18,0,18,1,18,18,18
921,1,777.294549,354,354,0,354,0,354,1,354,354,354
922,2,1554.589099,517,517,0,517,0,1034,1,517,517,517
923,1,777.294549,351,351,0,351,0,351,1,351,351,351
924,2,1554.589099,62,66,4,64,2,128,2,62,62,62
925,2,1554.589099,46,46,0,46,0,92,1,46,46,46
926,2,1554.589099,714,724,10,719,5,1438,2,714,714,714
927,1,777.294549,180,180,0,180,0,180,1,180,180,180
928,2,1554.589099,77,77,0,77,0,154,1,77,77,77
929,1,777.294549,479,479,0,479,0,479,1,479,479,479
930,2,1554.589099,240,240,0,240,0,480,1,240,240,240
931,2,1554.589099,82,85,3,83.5,1.5,167,2,82,82,82
932,1,777.294549,111,111,0,111,0,111,1,111,111,111
933,2,1554.589099,194,195,1,194.5,0.5,389,2,194,194,194
934,2,1554.589099,513,517,4,515,2,1030,2,513,513,513
935,1,777.294549,328,328,0,328,0,328,1,328,328,328
936,1,777.294549,195,195,0,195,0,195,1,195,195,195
937,1,777.294549,202,202,0,202,0,202,1,202,202,202
938,1,777.294549,72,72,0,72,0,72,1,72,72,72
939,2,1554.589099,417,419,2,418,1,836,2,417,417,417
940,1,777.294549,139,139,0,139,0,139,1,139,139,139
941,2,1554.589099,47,47,0,47,0,94,1,47,47,47
942,2,1554.589099,130,130,0,130,0,260,1,130,130,130
943,2,1554.589099,604,604,0,604,0,1208,1,604,604,604
944,2,1554.589099,1033,1045,12,1039,6,2078,2,1033,1033,1033
945,2,1554.589099,126,126,0,126,0,252,1,126,126,126
946,2,1554.589099,347,348,1,347.5,0.5,695,2,347,347,347
947,2,1554.589099,445,446,1,445.5,0.5,891,2,445,445,445
948,1,777.294549,604,604,0,604,0,604,1,604,604,604
949,2,1554.589099,93,94,1,93.5,0.5,187,2,93,93,93
950,1,777.294549,470,470,0,470,0,470,1,470,470,470
951,1,777.294549,73,73,0,73,0,73,1,73,73,73
952,1,777.294549,858,858,0,858,0,858,1,858,858,858
953,1,777.294549,387,387,0,387,0,387,1,387,387,387
954,2,1554.589099,27,28,1,27.5,0.5,55,2,27,27,27
955,2,1554.589099,195,200,5,197.5,2.5,395,2,195,195,195
956,1,777.294549,374,374,0,374,0,374,1,374,374,374
957,2,1554.589099,59,60,1,59.5,0.5,119,2,59,59,59
958,2,1554.589099,73,79,6,76,3,152,2,73,73,73
959,1,777.294549,40,40,0,40,0,40,1,40,40,40
960,2,1554.589099,83,84,1,83.5,0.5,167,2,83,83,83
961,2,1554.589099,128,131,3,129.5,1.5,259,2,128,128,128
962,1,777.294549,148,148,0,148,0,148,1,148,148,148
963,2,1554.589099,43,45,2,44,1,88,2,43,43,43
964,1,777.294549,101,101,0,101,0,101,1,101,101,101
965,1,777.294549,522,522,0,522,0,522,1,522,522,522
966,2,1554.589099,145,145,0,145,0,290,1,145,145,145
967,1,777.294549,176,176,0,176,0,176,1,176,176,176
968,1,777.294549,670,670,0,670,0,670,1,670,670,670
969,1,777.294549,177,177,0,177,0,177,1,177,177,177
970,1,777.294549,583,583,0,583,0,583,1,583,583,583
971,2,1554.589099,148,159,11,153.5,5.5,307,2,148,148,148
972,1,777.294549,265,265,0,265,0,265,1,265,265,265
973,1,777.294549,52,52,0,52,0,52,1,52,52,52
974,2,1554.589099,130,131,1,130.5,0.5,261,2,130,130,130
975,2,1554.589099,165,165,0,165,0,330,1,165,165,165
976,1,777.294549,67,67,0,67,0,67,1,67,67,67
977,1,777.294549,382,382,0,382,0,382,1,382,382,382
978,2,1554.589099,814,818,4,816,2,1632,2,814,814,814
979,1,777.294549,121,121,0,121,0,121,1,121,121,121
980,2,1554.589099,227,229,2,228,1,456,2,227,227,227
981,1,777.294549,352,352,0,352,0,352,1,352,352,352
982,1,777.294549,304,304,0,304,0,304,1,304,304,304
983,1,777.294549,154,154,0,154,0,154,1,154,154,154
984,1,777.294549,390,390,0,390,0,390,1,390,390,390
985,1,777.294549,103,103,0,103,0,103,1,103,103,103
986,2,1554.589099,232,232,0,232,0,464,1,232,232,232
987,3,2331.883648,256,259,3,257,1.414214,771,2,256,259,256
988,2,1554.589099,556,565,9,560.5,4.5,1121,2,556,556,556
989,2,1554.589099,207,208,1,207.5,0.5,415,2,207,207,207
990,1,777.294549,148,148,0,148,0,148,1,148,148,148
991,1,777.294549,333,333,0,333,0,333,1,333,333,333
992,2,1554.589099,163,180,17,171.5,8.5,343,2,163,163,163
993,1,777.294549,992,992,0,992,0,992,1,992,992,992
994,1,777.294549,493,493,0,493,0,493,1,493,493,493
995,2,1554.589099,573,574,1,573.5,0.5,1147,2,573,573,573
996,2,1554.589099,58,59,1,58.5,0.5,117,2,58,58,58
997,2,1554.589099,90,91,1,90.5,0.5,181,2,90,90,90
998,1,777.294549,23,23,0,23,0,23,1,23,23,23
999,2,1554.589099,297,298,1,297.5,0.5,595,2,297,297,297
1000,2,1554.589099,72,72,0,72,0,144,1,72,72,72
1001,1,777.294549,257,257,0,257,0,257,1,257,257,257
1002,1,777.294549,98,98,0,98,0,98,1,98,98,98
1003,1,777.294549,153,153,0,153,0,153,1,153,153,153
1004,1,777.294549,276,276,0,276,0,276,1,276,276,276
1005,1,777.294549,160,160,0,160,0,160,1,160,160,160
1006,2,1554.589099,85,88,3,86.5,1.5,173,2,85,85,85
1007,1,777.294549,34,34,0,34,0,34,1,34,34,34
1008,2,1554.589099,119,121,2,120,1,240,2,119,119,119
1009,2,1554.589099,218,218,0,218,0,436,1,218,218,218
1010,1,777.294549,334,334,0,334,0,334,1,334,334,334
1011,2,1554.589099,435,441,6,438,3,876,2,435,435,435
1012,2,1554.589099,497,499,2,498,1,996,2,497,497,497
1013,2,1554.589099,581,587,6,584,3,1168,2,581,581,581
1014,2,1554.589099,51,52,1,51.5,0.5,103,2,51,51,51
1015,1,777.294549,163,163,0,163,0,163,1,163,163,163
1016,2,1554.589099,251,252,1,251.5,0.5,503,2,251,251,251
1017,2,1554.589099,634,635,1,634.5,0.5,1269,2,634,634,634
1018,2,1554.589099,17,17,0,17,0,34,1,17,17,17
1019,1,777.294549,868,868,0,868,0,868,1,868,868,868
1020,1,777.294549,66,66,0,66,0,66,1,66,66,66
1021,1,777.294549,243,243,0,243,0,243,1,243,243,243
1022,2,1554.589099,768,782,14,775,7,1550,2,768,768,768
1023,1,777.294549,101,101,0,101,0,101,1,101,101,101
1024,2,1554.589099,630,631,1,630.5,0.5,1261,2,630,630,630
1025,2,1554.589099,709,709,0,709,0,1418,1,709,709,709
1026,2,1554.589099,54,55,1,54.5,0.5,109,2,54,54,54
1027,2,1554.589099,74,78,4,76,2,152,2,74,74,74
1028,1,777.294549,5,5,0,5,0,5,1,5,5,5
1029,2,1554.589099,857,865,8,861,4,1722,2,857,857,857
1030,1,777.294549,276,276,0,276,0,276,1,276,276,276
1031,2,1554.589099,332,343,11,337.5,5.5,675,2,332,332,332
1032,2,1554.589099,293,301,8,297,4,594,2,293,293,293
1033,2,1554.589099,144,149,5,146.5,2.5,293,2,144,144,144
1034,1,777.294549,551,551,0,551,0,551,1,551,551,551
1035,1,777.294549,188,188,0,188,0,188,1,188,188,188
1036,1,777.294549,326,326,0,326,0,326,1,326,326,326
1037,2,1554.589099,109,109,0,109,0,218,1,109,109,109
1038,1,777.294549,474,474,0,474,0,474,1,474,474,474
1039,1,777.294549,176,176,0,176,0,176,1,176,176,176
1040,1,777.294549,247,247,0,247,0,247,1,247,247,247
1041,1,777.294549,313,313,0,313,0,313,1,313,313,313
1042,2,1554.589099,508,508,0,508,0,1016,1,508,508,508
1043,1,777.294549,160,160,0,160,0,160,1,160,160,160
1044,2,1554.589099,313,316,3,314.5,1.5,629,2,313,313,313
1045,1,777.294549,674,674,0,674,0,674,1,674,674,674
1046,1,777.294549,292,292,0,292,0,292,1,292,292,292
1047,2,1554.589099,683,685,2,684,1,1368,2,683,683,683
1048,1,777.294549,479,479,0,479,0,479,1,479,479,479
1049,2,1554.589099,574,579,5,576.5,2.5,1153,2,574,574,574
1050,1,777.294549,329,329,0,329,0,329,1,329,329,329
1051,2,1554.589099,300,309,9,304.5,4.5,609,2,300,300,300
1052,2,1554.589099,141,142,1,141.5,0.5,283,2,141,141,141
1053,1,777.294549,367,367,0,367,0,367,1,367,367,367
1054,2,1554.589099,344,346,2,345,1,690,2,344,344,344
1055,1,777.294549,39,39,0,39,0,39,1,39,39,39
1056,2,1554.589099,797,800,3,798.5,1.5,1597,2,797,797,797
1057,2,1554.589099,143,144,1,143.5,0.5,287,2,143,143,143
1058,1,777.294549,243,243,0,243,0,243,1,243,243,243
1059,1,777.294549,202,202,0,202,0,202,1,202,202,202
1060,2,1554.589099,40,43,3,41.5,1.5,83,2,40,40,40
1061,1,777.294549,78,78,0,78,0,78,1,78,78,78
1062,2,1554.589099,261,263,2,262,1,524,2,261,261,261
1063,2,1554.589099,883,883,0,883,0,1766,1,883,883,883
1064,1,777.294549,111,111,0,111,0,111,1,111,111,111
1065,1,777.294549,493,493,0,493,0,493,1,493,493,493
1066,2,1554.589099,54,54,0,54,0,108,1,54,54,54
1067,1,777.294549,278,278,0,278,0,278,1,278,278,278
1068,2,1554.589099,231,231,0,231,0,462,1,231,231,231
1069,1,777.294549,64,64,0,64,0,64,1,64,64,64
1070,2,1554.589099,431,441,10,436,5,872,2,431,431,431
1071,1,777.294549,488,488,0,488,0,488,1,488,488,488
1072,2,1554.589099,122,126,4,124,2,248,2,122,122,122
1073,1,777.294549,332,332,0,332,0,332,1,332,332,332
1074,2,1554.589099,142,145,3,143.5,1.5,287,2,142,142,142
1075,2,1554.589099,132,133,1,132.5,0.5,265,2,132,132,132
1076,2,1554.589099,229,231,2,230,1,460,2,229,229,229
1077,1,777.294549,448,448,0,448,0,448,1,448,448,448
1078,2,1554.589099,788,789,1,788.5,0.5,1577,2,788,788,788
1079,2,1554.589099,127,130,3,128.5,1.5,257,2,127,127,127
1080,1,777.294549,49,49,0,49,0,49,1,49,49,49
1081,2,1554.589099,155,157,2,156,1,312,2,155,155,155
1082,1,777.294549,154,154,0,154,0,154,1,154,154,154
1083,2,1554.589099,197,199,2,198,1,396,2,197,197,197
1084,1,777.294549,646,646,0,646,0,646,1,646,646,646
1085,2,1554.589099,204,209,5,206.5,2.5,413,2,204,204,204
1086,1,777.294549,161,161,0,161,0,161,1,161,161,161
1087,1,777.294549,73,73,0,73,0,73,1,73,73,73
1088,2,1554.589099,297,297,0,297,0,594,1,297,297,297
1089,1,777.294549,317,317,0,317,0,317,1,317,317,317
1090,2,1554.589099,888,898,10,893,5,1786,2,888,888,888
1091,1,777.294549,709,709,0,709,0,709,1,709,709,709
1092,2,1554.589099,170,170,0,170,0,340,1,170,170,170
1093,2,1554.589099,33,35,2,34,1,68,2,33,33,33
1094,2,1554.589099,233,235,2,234,1,468,2,233,233,233
1095,1,777.294549,4,4,0,4,0,4,1,4,4,4
1096,2,1554.589099,1,1,0,1,0,2,1,1,1,1
1097,2,1554.589099,879,880,1,879.5,0.5,1759,2,879,879,879
1098,1,777.294549,227,227,0,227,0,227,1,227,227,227
1099,2,1554.589099,873,875,2,874,1,1748,2,873,873,873
1100,2,1554.589099,413,415,2,414,1,828,2,413,413,413
1101,2,1554.589099,546,548,2,547,1,1094,2,546,546,546
1102,2,1554.589099,405,405,0,405,0,810,1,405,405,405
1103,1,777.294549,61,61,0,61,0,61,1,61,61,61
1104,2,1554.589099,59,60,1,59.5,0.5,119,2,59,59,59
1105,2,1554.589099,0,2,2,1,1,2,2,0,0,0
1106,2,1554.589099,334,342,8,338,4,676,2,334,334,334
1107,1,777.294549,398,398,0,398,0,398,1,398,398,398
1108,2,1554.589099,916,917,1,916.5,0.5,1833,2,916,916,916
1109,2,1554.589099,611,618,7,614.5,3.5,1229,2,611,611,611
1110,2,1554.589099,482,488,6,485,3,970,2,482,482,482
1111,1,777.294549,226,226,0,226,0,226,1,226,226,226
1112,2,1554.589099,31,31,0,31,0,62,1,31,31,31
1113,2,1554.589099,136,137,1,136.5,0.5,273,2,136,136,136
1114,2,1554.589099,73,83,10,78,5,156,2,73,73,73
1115,2,1554.589099,196,196,0,196,0,392,1,196,196,196
1116,1,777.294549,195,195,0,195,0,195,1,195,195,195
1117,1,777.294549,255,255,0,255,0,255,1,255,255,255
1118,2,1554.589099,471,473,2,472,1,944,2,471,471,471
1119,2,1554.589099,114,118,4,116,2,232,2,114,114,114
1120,1,777.294549,624,624,0,624,0,624,1,624,624,624
1121,2,1554.589099,570,574,4,572,2,1144,2,570,570,570
1122,2,1554.589099,609,610,1,609.5,0.5,1219,2,609,609,609
1123,2,1554.589099,76,79,3,77.5,1.5,155,2,76,76,76
1124,1,777.294549,173,173,0,173,0,173,1,173,173,173
1125,2,1554.589099,234,234,0,234,0,468,1,234,234,234
1126,2,1554.589099,197,198,1,197.5,0.5,395,2,197,197,197
1127,2,1554.589099,732,734,2,733,1,1466,2,732,732,732
1128,1,777.294549,49,49,0,49,0,49,1,49,49,49
1129,1,777.294549,306,306,0,306,0,306,1,306,306,306
1130,2,1554.589099,781,782,1,781.5,0.5,1563,2,781,781,781
1131,2,1554.589099,291,291,0,291,0,582,1,291,291,291
1132,2,1554.589099,561,564,3,562.5,1.5,1125,2,561,561,561
1133,1,777.294549,88,88,0,88,0,88,1,88,88,88
1134,2,1554.589099,147,148,1,147.5,0.5,295,2,147,147,147
1135,1,777.294549,228,228,0,228,0,228,1,228,228,228
1136,2,1554.589099,357,358,1,357.5,0.5,715,2,357,357,357
1137,1,777.294549,246,246,0,246,0,246,1,246,246,246
1138,2,1554.589099,818,819,1,818.5,0.5,1637,2,818,818,818
1139,1,777.294549,185,185,0,185,0,185,1,185,185,185
1140,1,777.294549,76,76,0,76,0,76,1,76,76,76
1141,2,1554.589099,1046,1057,11,1051.5,5.5,2103,2,1046,1046,1046
1142,1,777.294549,287,287,0,287,0,287,1,287,287,287
1143,1,777.294549,161,161,0,161,0,161,1,161,161,161
1144,2,1554.589099,1012,1021,9,1016.5,4.5,2033,2,1012,1012,1012
1145,2,1554.589099,154,154,0,154,0,308,1,154,154,154
1146,2,1554.589099,152,155,3,153.5,1.5,307,2,152,152,152
1147,2,1554.589099,23,23,0,23,0,46,1,23,23,23
1148,2,1554.589099,228,228,0,228,0,456,1,228,228,228
1149,1,777.294549,294,294,0,294,0,294,1,294,294,294
1150,2,1554.589099,321,321,0,321,0,642,1,321,321,321
1151,1,777.294549,399,399,0,399,0,399,1,399,399,399
1152,2,1554.589099,820,825,5,822.5,2.5,1645,2,820,820,820
1153,2,1554.589099,953,955,2,954,1,1908,2,953,953,953
1154,2,1554.589099,27,28,1,27.5,0.5,55,2,27,27,27
1155,2,1554.589099,260,267,7,263.5,3.5,527,2,260,260,260
1156,2,1554.589099,6,6,0,6,0,12,1,6,6,6
1157,1,777.294549,285,285,0,285,0,285,1,285,285,285
1158,2,1554.589099,467,469,2,468,1,936,2,467,467,467
1159,2,1554.589099,45,46,1,45.5,0.5,91,2,45,45,45
1160,2,1554.589099,442,444,2,443,1,886,2,442,442,442
1161,2,1554.589099,297,298,1,297.5,0.5,595,2,297,297,297
1162,2,1554.589099,957,958,1,957.5,0.5,1915,2,957,957,957
1163,2,1554.589099,274,276,2,275,1,550,2,274,274,274
1164,2,1554.589099,194,196,2,195,1,390,2,194,194,194
1165,1,777.294549,571,571,0,571,0,571,1,571,571,571
1166,1,777.294549,338,338,0,338,0,338,1,338,338,338
1167,2,1554.589099,439,439,0,439,0,878,1,439,439,439
1168,2,1554.589099,42,45,3,43.5,1.5,87,2,42,42,42
1169,2,1554.589099,259,265,6,262,3,524,2,259,259,259
1170,2,1554.589099,162,164,2,163,1,326,2,162,162,162
1171,2,1554.589099,555,562,7,558.5,3.5,1117,2,555,555,555
1172,2,1554.589099,218,220,2,219,1,438,2,218,218,218
1173,1,777.294549,156,156,0,156,0,156,1,156,156,156
1174,2,1554.589099,223,234,11,228.5,5.5,457,2,223,223,223
1175,2,1554.589099,650,653,3,651.5,1.5,1303,2,650,650,650
1176,2,1554.589099,101,101,0,101,0,202,1,101,101,101
1177,2,1554.589099,36,36,0,36,0,72,1,36,36,36
1178,1,777.294549,17,17,0,17,0,17,1,17,17,17
1179,2,1554.589099,157,162,5,159.5,2.5,319,2,157,157,157
1180,2,1554.589099,791,792,1,791.5,0.5,1583,2,791,791,791
1181,1,777.294549,167,167,0,167,0,167,1,167,167,167
1182,2,1554.589099,217,226,9,221.5,4.5,443,2,217,217,217
1183,2,1554.589099,403,404,1,403.5,0.5,807,2,403,403,403
1184,1,777.294549,234,234,0,234,0,234,1,234,234,234
1185,1,777.294549,1063,1063,0,1063,0,1063,1,1063,1063,1063
1186,2,1554.589099,50,51,1,50.5,0.5,101,2,50,50,50
1187,2,1554.589099,16,16,0,16,0,32,1,16,16,16
1188,2,1554.589099,20,21,1,20.5,0.5,41,2,20,20,20
1189,1,777.294549,134,134,0,134,0,134,1,134,134,134
1190,1,777.294549,258,258,0,258,0,258,1,258,258,258
1191,1,777.294549,263,263,0,263,0,263,1,263,263,263
1192,2,1554.589099,63,68,5,65.5,2.5,131,2,63,63,63
1193,2,1554.589099,319,323,4,321,2,642,2,319,319,319
1194,1,777.294549,173,173,0,173,0,173,1,173,173,173
1195,1,777.294549,192,192,0,192,0,192,1,192,192,192
1196,2,1554.589099,80,80,0,80,0,160,1,80,80,80
1197,1,777.294549,817,817,0,817,0,817,1,817,817,817
1198,2,1554.589099,364,364,0,364,0,728,1,364,364,364
1199,1,777.294549,140,140,0,140,0,140,1,140,140,140
1200,1,777.294549,182,182,0,182,0,182,1,182,182,182
1201,1,777.294549,149,149,0,149,0,149,1,149,149,149
1202,2,1554.589099,188,189,1,188.5,0.5,377,2,188,188,188
1203,2,1554.589099,713,713,0,713,0,1426,1,713,713,713
1204,2,1554.589099,247,249,2,248,1,496,2,247,247,247
1205,1,777.294549,490,490,0,490,0,490,1,490,490,490
1206,2,1554.589099,66,70,4,68,2,136,2,66,66,66
1207,1,777.294549,69,69,0,69,0,69,1,69,69,69
1208,1,777.294549,1169,1169,0,1169,0,1169,1,1169,1169,1169
1209,2,1554.589099,132,132,0,132,0,264,1,132,132,132
1210,2,1554.589099,804,804,0,804,0,1608,1,804,804,804
1211,2,1554.589099,264,264,0,264,0,528,1,264,264,264
1212,1,777.294549,92,92,0,92,0,92,1,92,92,92
1213,1,777.294549,251,251,0,251,0,251,1,251,251,251
1214,2,1554.589099,637,638,1,637.5,0.5,1275,2,637,637,637
1215,2,1554.589099,292,293,1,292.5,0.5,585,2,292,292,292
1216,1,777.294549,353,353,0,353,0,353,1,353,353,353
1217,2,1554.589099,396,399,3,397.5,1.5,795,2,396,396,396
1218,1,777.294549,550,550,0,550,0,550,1,550,550,550
1219,2,1554.589099,72,74,2,73,1,146,2,72,72,72
1220,2,1554.589099,223,227,4,225,2,450,2,223,223,223
1221,1,777.294549,102,102,0,102,0,102,1,102,102,102
1222,2,1554.589099,244,245,1,244.5,0.5,489,2,244,244,244
1223,2,1554.589099,180,182,2,181,1,362,2,180,180,180
1224,1,777.294549,79,79,0,79,0,79,1,79,79,79
1225,2,1554.589099,100,103,3,101.5,1.5,203,2,100,100,100
1226,1,777.294549,521,521,0,521,0,521,1,521,521,521
1227,1,777.294549,179,179,0,179,0,179,1,179,179,179
1228,2,1554.589099,833,834,1,833.5,0.5,1667,2,833,833,833
1229,2,1554.589099,177,178,1,177.5,0.5,355,2,177,177,177
1230,1,777.294549,89,89,0,89,0,89,1,89,89,89
1231,1,777.294549,587,587,0,587,0,587,1,587,587,587
1232,2,1554.589099,143,146,3,144.5,1.5,289,2,143,143,143
1233,1,777.294549,232,232,0,232,0,232,1,232,232,232
1234,2,1554.589099,365,370,5,367.5,2.5,735,2,365,365,365
1235,1,777.294549,143,143,0,143,0,143,1,143,143,143
1236,2,1554.589099,224,228,4,226,2,452,2,224,224,224
1237,1,777.294549,49,49,0,49,0,49,1,49,49,49
1238,1,777.294549,152,152,0,152,0,152,1,152,152,152
1239,3,2331.883648,314,333,19,323.666667,7.760298,971,3,314,314,324
1240,2,1554.589099,1123,1145,22,1134,11,2268,2,1123,1123,1123
1241,2,1554.589099,731,731,0,731,0,1462,1,731,731,731
1242,1,777.294549,446,446,0,446,0,446,1,446,446,446
1243,2,1554.589099,520,525,5,522.5,2.5,1045,2,520,520,520
1244,1,777.294549,156,156,0,156,0,156,1,156,156,156
1245,1,777.294549,132,132,0,132,0,132,1,132,132,132
1246,2,1554.589099,270,275,5,272.5,2.5,545,2,270,270,270
1247,1,777.294549,694,694,0,694,0,694,1,694,694,694
1248,1,777.294549,469,469,0,469,0,469,1,469,469,469
1249,1,777.294549,311,311,0,311,0,311,1,311,311,311
1250,2,1554.589099,140,141,1,140.5,0.5,281,2,140,140,140
1251,1,777.294549,149,149,0,149,0,149,1,149,149,149
1252,2,1554.589099,234,239,5,236.5,2.5,473,2,234,234,234
1253,2,1554.589099,844,847,3,845.5,1.5,1691,2,844,844,844
1254,2,1554.589099,184,184,0,184,0,368,1,184,184,184
1255,2,1554.589099,303,304,1,303.5,0.5,607,2,303,303,303
1256,2,1554.589099,752,753,1,752.5,0.5,1505,2,752,752,752
1257,1,777.294549,441,441,0,441,0,441,1,441,441,441
1258,2,1554.589099,316,318,2,317,1,634,2,316,316,316
1259,2,1554.589099,483,491,8,487,4,974,2,483,483,483
1260,2,1554.589099,130,131,1,130.5,0.5,261,2,130,130,130
1261,1,777.294549,102,102,0,102,0,102,1,102,102,102
1262,2,1554.589099,164,167,3,165.5,1.5,331,2,164,164,164
1263,1,777.294549,8,8,0,8,0,8,1,8,8,8
1264,2,1554.589099,26,26,0,26,0,52,1,26,26,26
1265,1,777.294549,93,93,0,93,0,93,1,93,93,93
1266,2,1554.589099,233,233,0,233,0,466,1,233,233,233
1267,2,1554.589099,409,413,4,411,2,822,2,409,409,409
1268,2,1554.589099,807,809,2,808,1,1616,2,807,807,807
1269,2,1554.589099,7,7,0,7,0,14,1,7,7,7
1270,2,1554.589099,186,188,2,187,1,374,2,186,186,186
1271,1,777.294549,262,262,0,262,0,262,1,262,262,262
1272,2,1554.589099,160,160,0,160,0,320,1,160,160,160
1273,1,777.294549,269,269,0,269,0,269,1,269,269,269
1274,2,1554.589099,149,151,2,150,1,300,2,149,149,149
1275,2,1554.589099,206,209,3,207.5,1.5,415,2,206,206,206
1276,1,777.294549,697,697,0,697,0,697,1,697,697,697
1277,2,1554.589099,479,486,7,482.5,3.5,965,2,479,479,479
1278,2,1554.589099,210,212,2,211,1,422,2,210,210,210
1279,1,777.294549,960,960,0,960,0,960,1,960,960,960
1280,2,1554.589099,581,581,0,581,0,1162,1,581,581,581
1281,1,777.294549,62,62,0,62,0,62,1,62,62,62
1282,2,1554.589099,231,233,2,232,1,464,2,231,231,231
1283,1,777.294549,79,79,0,79,0,79,1,79,79,79
1284,2,1554.589099,163,163,0,163,0,326,1,163,163,163
1285,2,1554.589099,607,608,1,607.5,0.5,1215,2,607,607,607
1286,2,1554.589099,1287,1304,17,1295.5,8.5,2591,2,1287,1287,1287
1287,1,777.294549,114,114,0,114,0,114,1,114,114,114
1288,2,1554.589099,273,274,1,273.5,0.5,547,2,273,273,273
1289,2,1554.589099,278,279,1,278.5,0.5,557,2,278,278,278
1290,1,777.294549,128,128,0,128,0,128,1,128,128,128
1291,2,1554.589099,261,262,1,261.5,0.5,523,2,261,261,261
1292,1,777.294549,298,298,0,298,0,298,1,298,298,298
1293,2,1554.589099,64,65,1,64.5,0.5,129,2,64,64,64
1294,2,1554.589099,197,197,0,197,0,394,1,197,197,197
1295,2,1554.589099,326,340,14,333,7,666,2,326,326,326
1296,2,1554.589099,25,26,1,25.5,0.5,51,2,25,25,25
1297,2,1554.589099,6,6,0,6,0,12,1,6,6,6
1298,2,1554.589099,520,524,4,522,2,1044,2,520,520,520
1299,3,2331.883648,113,121,8,118.333333,3.771236,355,2,121,113,121
1300,1,777.294549,3,3,0,3,0,3,1,3,3,3
1301,1,777.294549,674,674,0,674,0,674,1,674,674,674
1302,2,1554.589099,124,129,5,126.5,2.5,253,2,124,124,124
1303,2,1554.589099,12,12,0,12,0,24,1,12,12,12
1304,1,777.294549,66,66,0,66,0,66,1,66,66,66
1305,2,1554.589099,75,75,0,75,0,150,1,75,75,75
1306,2,1554.589099,225,228,3,226.5,1.5,453,2,225,225,225
1307,1,777.294549,569,569,0,569,0,569,1,569,569,569
1308,1,777.294549,196,196,0,196,0,196,1,196,196,196
1309,2,1554.589099,1126,1127,1,1126.5,0.5,2253,2,1126,1126,1126
1310,1,777.294549,623,623,0,623,0,623,1,623,623,623
1311,2,1554.589099,710,730,20,720,10,1440,2,710,710,710
1312,2,1554.589099,227,239,12,233,6,466,2,227,227,227
1313,1,777.294549,189,189,0,189,0,189,1,189,189,189
1314,1,777.294549,710,710,0,710,0,710,1,710,710,710
1315,2,1554.589099,51,53,2,52,1,104,2,51,51,51
1316,1,777.294549,155,155,0,155,0,155,1,155,155,155
1317,1,777.294549,91,91,0,91,0,91,1,91,91,91
1318,2,1554.589099,76,76,0,76,0,152,1,76,76,76
1319,2,1554.589099,680,681,1,680.5,0.5,1361,2,680,680,680
1320,2,1554.589099,120,123,3,121.5,1.5,243,2,120,120,120
1321,2,1554.589099,129,129,0,129,0,258,1,129,129,129
1322,2,1554.589099,65,69,4,67,2,134,2,65,65,65
1323,2,1554.589099,113,114,1,113.5,0.5,227,2,113,113,113
1324,2,1554.589099,569,571,2,570,1,1140,2,569,569,569
1325,2,1554.589099,656,664,8,660,4,1320,2,656,656,656
1326,2,1554.589099,1217,1229,12,1223,6,2446,2,1217,1217,1217
1327,1,777.294549,341,341,0,341,0,341,1,341,341,341
1328,1,777.294549,118,118,0,118,0,118,1,118,118,118
1329,2,1554.589099,662,666,4,664,2,1328,2,662,662,662
1330,1,777.294549,291,291,0,291,0,291,1,291,291,291
1331,1,777.294549,183,183,0,183,0,183,1,183,183,183
1332,3,2331.883648,98,102,4,99.666667,1.699673,299,3,98,98,99
1333,2,1554.589099,739,741,2,740,1,1480,2,739,739,739
1334,2,1554.589099,16,16,0,16,0,32,1,16,16,16
1335,2,1554.589099,148,149,1,148.5,0.5,297,2,148,148,148
1336,2,1554.589099,389,391,2,390,1,780,2,389,389,389
1337,1,777.294549,115,115,0,115,0,115,1,115,115,115
1338,1,777.294549,654,654,0,654,0,654,1,654,654,654
1339,1,777.294549,79,79,0,79,0,79,1,79,79,79
1340,2,1554.589099,213,214,1,213.5,0.5,427,2,213,213,213
1341,2,1554.589099,184,184,0,184,0,368,1,184,184,184
1342,2,1554.589099,149,150,1,149.5,0.5,299,2,149,149,149
1343,2,1554.589099,237,238,1,237.5,0.5,475,2,237,237,237
1344,1,777.294549,305,305,0,305,0,305,1,305,305,305
1345,2,1554.589099,149,150,1,149.5,0.5,299,2,149,149,149
1346,1,777.294549,791,791,0,791,0,791,1,791,791,791
1347,2,1554.589099,24,24,0,24,0,48,1,24,24,24
1348,1,777.294549,903,903,0,903,0,903,1,903,903,903
1349,1,777.294549,9,9,0,9,0,9,1,9,9,9
1350,2,1554.589099,639,642,3,640.5,1.5,1281,2,639,639,639
1351,2,1554.589099,195,195,0,195,0,390,1,195,195,195
1352,2,1554.589099,330,330,0,330,0,660,1,330,330,330
1353,1,777.294549,350,350,0,350,0,350,1,350,350,350
1354,2,1554.589099,74,74,0,74,0,148,1,74,74,74
1355,1,777.294549,291,291,0,291,0,291,1,291,291,291
1356,1,777.294549,110,110,0,110,0,110,1,110,110,110
1357,2,1554.589099,188,190,2,189,1,378,2,188,188,188
1358,2,1554.589099,809,811,2,810,1,1620,2,809,809,809
1359,2,1554.589099,399,401,2,400,1,800,2,399,399,399
1360,2,1554.589099,618,618,0,618,0,1236,1,618,618,618
1361,2,1554.589099,208,209,1,208.5,0.5,417,2,208,208,208
1362,1,777.294549,289,289,0,289,0,289,1,289,289,289
1363,1,777.294549,143,143,0,143,0,143,1,143,143,143
1364,2,1554.589099,512,525,13,518.5,6.5,1037,2,512,512,512
1365,2,1554.589099,594,595,1,594.5,0.5,1189,2,594,594,594
1366,1,777.294549,137,137,0,137,0,137,1,137,137,137
1367,2,1554.589099,364,365,1,364.5,0.5,729,2,364,364,364
1368,1,777.294549,176,176,0,176,0,176,1,176,176,176
1369,2,1554.589099,111,114,3,112.5,1.5,225,2,111,111,111
1370,2,1554.589099,108,110,2,109,1,218,2,108,108,108
1371,1,777.294549,761,761,0,761,0,761,1,761,761,761
1372,1,777.294549,198,198,0,198,0,198,1,198,198,198
1373,1,777.294549,343,343,0,343,0,343,1,343,343,343
1374,3,2331.883648,813,817,4,814.333333,1.885618,2443,2,813,817,813
1375,2,1554.589099,243,246,3,244.5,1.5,489,2,243,243,243
1376,2,1554.589099,364,365,1,364.5,0.5,729,2,364,364,364
1377,2,1554.589099,552,552,0,552,0,1104,1,552,552,552
1378,2,1554.589099,135,135,0,135,0,270,1,135,135,135
1379,1,777.294549,83,83,0,83,0,83,1,83,83,83
1380,2,1554.589099,288,290,2,289,1,578,2,288,288,288
1381,2,1554.589099,334,336,2,335,1,670,2,334,334,334
1382,2,1554.589099,254,259,5,256.5,2.5,513,2,254,254,254
1383,2,1554.589099,293,297,4,295,2,590,2,293,293,293
1384,1,777.294549,734,734,0,734,0,734,1,734,734,734
1385,1,777.294549,78,78,0,78,0,78,1,78,78,78
1386,2,1554.589099,232,235,3,233.5,1.5,467,2,232,232,232
1387,1,777.294549,129,129,0,129,0,129,1,129,129,129
1388,2,1554.589099,234,235,1,234.5,0.5,469,2,234,234,234
1389,1,777.294549,145,145,0,145,0,145,1,145,145,145
1390,2,1554.589099,311,312,1,311.5,0.5,623,2,311,311,311
1391,2,1554.589099,207,209,2,208,1,416,2,207,207,207
1392,1,777.294549,108,108,0,108,0,108,1,108,108,108
1393,1,777.294549,452,452,0,452,0,452,1,452,452,452
1394,1,777.294549,127,127,0,127,0,127,1,127,127,127
1395,1,777.294549,73,73,0,73,0,73,1,73,73,73
1396,1,777.294549,196,196,0,196,0,196,1,196,196,196
1397,1,777.294549,609,609,0,609,0,609,1,609,609,609
1398,2,1554.589099,106,106,0,106,0,212,1,106,106,106
1399,1,777.294549,822,822,0,822,0,822,1,822,822,822
1400,2,1554.589099,118,119,1,118.5,0.5,237,2,118,118,118
1401,2,1554.589099,194,195,1,194.5,0.5,389,2,194,194,194
1402,1,777.294549,487,487,0,487,0,487,1,487,487,487
1403,2,1554.589099,76,77,1,76.5,0.5,153,2,76,76,76
1404,2,1554.589099,220,222,2,221,1,442,2,220,220,220
1405,2,1554.589099,375,376,1,375.5,0.5,751,2,375,375,375
1406,1,777.294549,544,544,0,544,0,544,1,544,544,544
1407,2,1554.589099,247,247,0,247,0,494,1,247,247,247
1408,1,777.294549,319,319,0,319,0,319,1,319,319,319
1409,2,1554.589099,55,55,0,55,0,110,1,55,55,55
1410,2,1554.589099,107,111,4,109,2,218,2,107,107,107
1411,2,1554.589099,272,279,7,275.5,3.5,551,2,272,272,272
1412,1,777.294549,155,155,0,155,0,155,1,155,155,155
1413,2,1554.589099,55,56,1,55.5,0.5,111,2,55,55,55
1414,2,1554.589099,261,261,0,261,0,522,1,261,261,261
1415,1,777.294549,112,112,0,112,0,112,1,112,112,112
1416,2,1554.589099,376,378,2,377,1,754,2,376,376,376
1417,2,1554.589099,343,346,3,344.5,1.5,689,2,343,343,343
1418,2,1554.589099,166,167,1,166.5,0.5,333,2,166,166,166
1419,2,1554.589099,64,65,1,64.5,0.5,129,2,64,64,64
1420,2,1554.589099,272,273,1,272.5,0.5,545,2,272,272,272
1421,2,1554.589099,263,264,1,263.5,0.5,527,2,263,263,263
1422,1,777.294549,178,178,0,178,0,178,1,178,178,178
1423,2,1554.589099,950,953,3,951.5,1.5,1903,2,950,950,950
1424,1,777.294549,146,146,0,146,0,146,1,146,146,146
1425,2,1554.589099,785,788,3,786.5,1.5,1573,2,785,785,785
1426,2,1554.589099,390,396,6,393,3,786,2,390,390,390
1427,1,777.294549,291,291,0,291,0,291,1,291,291,291
1428,1,777.294549,1061,1061,0,1061,0,1061,1,1061,1061,1061
1429,1,777.294549,267,267,0,267,0,267,1,267,267,267
1430,2,1554.589099,339,340,1,339.5,0.5,679,2,339,339,339
1431,1,777.294549,183,183,0,183,0,183,1,183,183,183
1432,2,1554.589099,561,561,0,561,0,1122,1,561,561,561
1433,2,1554.589099,349,350,1,349.5,0.5,699,2,349,349,349
1434,2,1554.589099,161,161,0,161,0,322,1,161,161,161
1435,2,1554.589099,29,29,0,29,0,58,1,29,29,29
1436,1,777.294549,590,590,0,590,0,590,1,590,590,590
1437,2,1554.589099,819,820,1,819.5,0.5,1639,2,819,819,819
1438,2,1554.589099,497,503,6,500,3,1000,2,497,497,497
1439,1,777.294549,167,167,0,167,0,167,1,167,167,167
1440,2,1554.589099,795,800,5,797.5,2.5,1595,2,795,795,795
1441,1,777.294549,488,488,0,488,0,488,1,488,488,488
1442,2,1554.589099,931,937,6,934,3,1868,2,931,931,931
1443,2,1554.589099,688,688,0,688,0,1376,1,688,688,688
1444,2,1554.589099,183,184,1,183.5,0.5,367,2,183,183,183
1445,2,1554.589099,259,261,2,260,1,520,2,259,259,259
1446,2,1554.589099,171,173,2,172,1,344,2,171,171,171
1447,2,1554.589099,552,554,2,553,1,1106,2,552,552,552
1448,2,1554.589099,73,74,1,73.5,0.5,147,2,73,73,73
1449,2,1554.589099,80,81,1,80.5,0.5,161,2,80,80,80
1450,2,1554.589099,147,149,2,148,1,296,2,147,147,147
1451,1,777.294549,409,409,0,409,0,409,1,409,409,409
1452,2,1554.589099,159,161,2,160,1,320,2,159,159,159
1453,1,777.294549,50,50,0,50,0,50,1,50,50,50
1454,2,1554.589099,179,180,1,179.5,0.5,359,2,179,179,179
1455,2,1554.589099,514,515,1,514.5,0.5,1029,2,514,514,514
1456,2,1554.589099,857,857,0,857,0,1714,1,857,857,857
1457,2,1554.589099,178,178,0,178,0,356,1,178,178,178
1458,2,1554.589099,163,164,1,163.5,0.5,327,2,163,163,163
1459,2,1554.589099,1543,1545,2,1544,1,3088,2,1543,1543,1543
1460,2,1554.589099,312,314,2,313,1,626,2,312,312,312
1461,2,1554.589099,93,93,0,93,0,186,1,93,93,93
1462,1,777.294549,234,234,0,234,0,234,1,234,234,234
1463,2,1554.589099,854,854,0,854,0,1708,1,854,854,854
1464,2,1554.589099,70,71,1,70.5,0.5,141,2,70,70,70
1465,2,1554.589099,869,871,2,870,1,1740,2,869,869,869
1466,1,777.294549,392,392,0,392,0,392,1,392,392,392
1467,2,1554.589099,245,251,6,248,3,496,2,245,245,245
1468,2,1554.589099,291,301,10,296,5,592,2,291,291,291
1469,2,1554.589099,171,172,1,171.5,0.5,343,2,171,171,171
1470,1,777.294549,40,40,0,40,0,40,1,40,40,40
1471,2,1554.589099,253,254,1,253.5,0.5,507,2,253,253,253
1472,2,1554.589099,324,327,3,325.5,1.5,651,2,324,324,324
1473,2,1554.589099,48,48,0,48,0,96,1,48,48,48
1474,2,1554.589099,93,95,2,94,1,188,2,93,93,93
1475,2,1554.589099,489,490,1,489.5,0.5,979,2,489,489,489
1476,1,777.294549,220,220,0,220,0,220,1,220,220,220
1477,2,1554.589099,69,69,0,69,0,138,1,69,69,69
1478,2,1554.589099,1040,1043,3,1041.5,1.5,2083,2,1040,1040,1040
1479,2,1554.589099,873,873,0,873,0,1746,1,873,873,873
1480,2,1554.589099,793,794,1,793.5,0.5,1587,2,793,793,793
1481,1,777.294549,273,273,0,273,0,273,1,273,273,273
1482,2,1554.589099,142,145,3,143.5,1.5,287,2,142,142,142
1483,2,1554.589099,94,97,3,95.5,1.5,191,2,94,94,94
1484,2,1554.589099,203,206,3,204.5,1.5,409,2,203,203,203
1485,2,1554.589099,800,802,2,801,1,1602,2,800,800,800
1486,2,1554.589099,543,543,0,543,0,1086,1,543,543,543
1487,2,1554.589099,501,503,2,502,1,1004,2,501,501,501
1488,3,2331.883648,11,13,2,12.333333,0.942809,37,2,13,11,13
1489,2,1554.589099,159,162,3,160.5,1.5,321,2,159,159,159
1490,1,777.294549,225,225,0,225,0,225,1,225,225,225
1491,1,777.294549,66,66,0,66,0,66,1,66,66,66
1492,2,1554.589099,259,259,0,259,0,518,1,259,259,259
1493,2,1554.589099,520,523,3,521.5,1.5,1043,2,520,520,520
1494,1,777.294549,468,468,0,468,0,468,1,468,468,468
1495,2,1554.589099,186,189,3,187.5,1.5,375,2,186,186,186
1496,3,2331.883648,7,8,1,7.666667,0.471405,23,2,8,7,8
1497,1,777.294549,196,196,0,196,0,196,1,196,196,196
1498,2,1554.589099,156,157,1,156.5,0.5,313,2,156,156,156
1499,1,777.294549,751,751,0,751,0,751,1,751,751,751
1500,2,1554.589099,132,133,1,132.5,0.5,265,2,132,132,132
1501,1,777.294549,151,151,0,151,0,151,1,151,151,151
1502,1,777.294549,761,761,0,761,0,761,1,761,761,761
1503,1,777.294549,190,190,0,190,0,190,1,190,190,190
1504,2,1554.589099,58,60,2,59,1,118,2,58,58,58
1505,1,777.294549,184,184,0,184,0,184,1,184,184,184
1506,2,1554.589099,120,124,4,122,2,244,2,120,120,120
1507,1,777.294549,473,473,0,473,0,473,1,473,473,473
1508,1,777.294549,121,121,0,121,0,121,1,121,121,121
1509,3,2331.883648,521,523,2,522,0.816497,1566,3,521,521,522
1510,2,1554.589099,841,853,12,847,6,1694,2,841,841,841
1511,2,1554.589099,1120,1124,4,1122,2,2244,2,1120,1120,1120
1512,2,1554.589099,293,293,0,293,0,586,1,293,293,293
1513,2,1554.589099,647,647,0,647,0,1294,1,647,647,647
1514,2,1554.589099,107,107,0,107,0,214,1,107,107,107
1515,1,777.294549,598,598,0,598,0,598,1,598,598,598
1516,1,777.294549,107,107,0,107,0,107,1,107,107,107
1517,2,1554.589099,656,660,4,658,2,1316,2,656,656,656
1518,2,1554.589099,310,314,4,312,2,624,2,310,310,310
1519,2,1554.589099,726,726,0,726,0,1452,1,726,726,726
1520,1,777.294549,764,764,0,764,0,764,1,764,764,764
1521,2,1554.589099,269,272,3,270.5,1.5,541,2,269,269,269
1522,2,1554.589099,32,32,0,32,0,64,1,32,32,32
1523,2,1554.589099,210,211,1,210.5,0.5,421,2,210,210,210
1524,2,1554.589099,413,413,0,413,0,826,1,413,413,413
1525,2,1554.589099,1069,1078,9,1073.5,4.5,2147,2,1069,1069,1069
1526,1,777.294549,64,64,0,64,0,64,1,64,64,64
1527,1,777.294549,193,193,0,193,0,193,1,193,193,193
1528,2,1554.589099,823,826,3,824.5,1.5,1649,2,823,823,823
1529,1,777.294549,200,200,0,200,0,200,1,200,200,200
1530,2,1554.589099,94,95,1,94.5,0.5,189,2,94,94,94
1531,2,1554.589099,216,224,8,220,4,440,2,216,216,216
1532,2,1554.589099,48,55,7,51.5,3.5,103,2,48,48,48
1533,2,1554.589099,124,125,1,124.5,0.5,249,2,124,124,124
1534,2,1554.589099,116,122,6,119,3,238,2,116,116,116
1535,2,1554.589099,110,111,1,110.5,0.5,221,2,110,110,110
1536,2,1554.589099,301,305,4,303,2,606,2,301,301,301
1537,2,1554.589099,1034,1047,13,1040.5,6.5,2081,2,1034,1034,1034
1538,1,777.294549,289,289,0,289,0,289,1,289,289,289
1539,1,777.294549,1066,1066,0,1066,0,1066,1,1066,1066,1066
1540,1,777.294549,148,148,0,148,0,148,1,148,148,148
1541,1,777.294549,234,234,0,234,0,234,1,234,234,234
1542,2,1554.589099,397,404,7,400.5,3.5,801,2,397,397,397
1543,1,777.294549,6,6,0,6,0,6,1,6,6,6
1544,1,777.294549,300,300,0,300,0,300,1,300,300,300
1545,2,1554.589099,157,157,0,157,0,314,1,157,157,157
1546,2,1554.589099,276,277,1,276.5,0.5,553,2,276,276,276
1547,2,1554.589099,642,646,4,644,2,1288,2,642,642,642
1548,2,1554.589099,87,88,1,87.5,0.5,175,2,87,87,87
1549,1,777.294549,114,114,0,114,0,114,1,114,114,114
1550,2,1554.589099,424,436,12,430,6,860,2,424,424,424
1551,2,1554.589099,514,517,3,515.5,1.5,1031,2,514,514,514
1552,1,777.294549,208,208,0,208,0,208,1,208,208,208
1553,1,777.294549,227,227,0,227,0,227,1,227,227,227
1554,2,1554.589099,147,152,5,149.5,2.5,299,2,147,147,147
1555,2,1554.589099,380,384,4,382,2,764,2,380,380,380
1556,2,1554.589099,565,567,2,566,1,1132,2,565,565,565
1557,2,1554.589099,766,767,1,766.5,0.5,1533,2,766,766,766
1558,2,1554.589099,13,14,1,13.5,0.5,27,2,13,13,13
1559,2,1554.589099,237,238,1,237.5,0.5,475,2,237,237,237
1560,2,1554.589099,260,262,2,261,1,522,2,260,260,260
1561,2,1554.589099,74,75,1,74.5,0.5,149,2,74,74,74
1562,1,777.294549,599,599,0,599,0,599,1,599,599,599
1563,1,777.294549,238,238,0,238,0,238,1,238,238,238
1564,2,1554.589099,277,277,0,277,0,554,1,277,277,277
1565,2,1554.589099,284,284,0,284,0,568,1,284,284,284
1566,2,1554.589099,447,456,9,451.5,4.5,903,2,447,447,447
1567,2,1554.589099,53,54,1,53.5,0.5,107,2,53,53,53
1568,2,1554.589099,473,474,1,473.5,0.5,947,2,473,473,473
1569,2,1554.589099,513,527,14,520,7,1040,2,513,513,513
1570,1,777.294549,276,276,0,276,0,276,1,276,276,276
1571,1,777.294549,1193,1193,0,1193,0,1193,1,1193,1193,1193
1572,2,1554.589099,42,43,1,42.5,0.5,85,2,42,42,42
1573,1,777.294549,336,336,0,336,0,336,1,336,336,336
1574,1,777.294549,392,392,0,392,0,392,1,392,392,392
1575,2,1554.589099,586,586,0,586,0,1172,1,586,586,586
1576,1,777.294549,294,294,0,294,0,294,1,294,294,294
1577,2,1554.589099,29,30,1,29.5,0.5,59,2,29,29,29
1578,1,777.294549,154,154,0,154,0,154,1,154,154,154
1579,1,777.294549,515,515,0,515,0,515,1,515,515,515
1580,2,1554.589099,198,201,3,199.5,1.5,399,2,198,198,198
1581,1,777.294549,306,306,0,306,0,306,1,306,306,306
1582,1,777.294549,160,160,0,160,0,160,1,160,160,160
1583,1,777.294549,117,117,0,117,0,117,1,117,117,117
1584,2,1554.589099,1,2,1,1.5,0.5,3,2,1,1,1
1585,2,1554.589099,22,23,1,22.5,0.5,45,2,22,22,22
1586,1,777.294549,448,448,0,448,0,448,1,448,448,448
1587,1,777.294549,307,307,0,307,0,307,1,307,307,307
1588,2,1554.589099,416,417,1,416.5,0.5,833,2,416,416,416
1589,2,1554.589099,29,29,0,29,0,58,1,29,29,29
1590,1,777.294549,129,129,0,129,0,129,1,129,129,129
1591,3,2331.883648,121,123,2,122,0.816497,366,3,121,121,122
1592,1,777.294549,207,207,0,207,0,207,1,207,207,207
1593,1,777.294549,58,58,0,58,0,58,1,58,58,58
1594,2,1554.589099,343,345,2,344,1,688,2,343,343,343
1595,1,777.294549,249,249,0,249,0,249,1,249,249,249
1596,1,777.294549,856,856,0,856,0,856,1,856,856,856
1597,1,777.294549,20,20,0,20,0,20,1,20,20,20
1598,2,1554.589099,410,410,0,410,0,820,1,410,410,410
1599,1,777.294549,55,55,0,55,0,55,1,55,55,55
1600,2,1554.589099,750,750,0,750,0,1500,1,750,750,750
1601,2,1554.589099,182,185,3,183.5,1.5,367,2,182,182,182
1602,2,1554.589099,274,274,0,274,0,548,1,274,274,274
1603,2,1554.589099,97,98,1,97.5,0.5,195,2,97,97,97
1604,2,1554.589099,363,364,1,363.5,0.5,727,2,363,363,363
1605,1,777.294549,147,147,0,147,0,147,1,147,147,147
1606,2,1554.589099,479,482,3,480.5,1.5,961,2,479,479,479
1607,2,1554.589099,225,231,6,228,3,456,2,225,225,225
1608,1,777.294549,71,71,0,71,0,71,1,71,71,71
1609,1,777.294549,137,137,0,137,0,137,1,137,137,137
1610,2,1554.589099,122,130,8,126,4,252,2,122,122,122
1611,2,1554.589099,202,202,0,202,0,404,1,202,202,202
1612,1,777.294549,209,209,0,209,0,209,1,209,209,209
1613,2,1554.589099,798,798,0,798,0,1596,1,798,798,798
1614,2,1554.589099,244,245,1,244.5,0.5,489,2,244,244,244
1615,1,777.294549,178,178,0,178,0,178,1,178,178,178
1616,2,1554.589099,328,334,6,331,3,662,2,328,328,328
1617,1,777.294549,31,31,0,31,0,31,1,31,31,31
1618,2,1554.589099,896,898,2,897,1,1794,2,896,896,896
1619,1,777.294549,196,196,0,196,0,196,1,196,196,196
1620,2,1554.589099,126,130,4,128,2,256,2,126,126,126
1621,2,1554.589099,131,134,3,132.5,1.5,265,2,131,131,131
1622,1,777.294549,314,314,0,314,0,314,1,314,314,314
1623,2,1554.589099,232,232,0,232,0,464,1,232,232,232
1624,2,1554.589099,212,217,5,214.5,2.5,429,2,212,212,212
1625,2,1554.589099,704,708,4,706,2,1412,2,704,704,704
1626,1,777.294549,653,653,0,653,0,653,1,653,653,653
1627,1,777.294549,657,657,0,657,0,657,1,657,657,657
1628,1,777.294549,138,138,0,138,0,138,1,138,138,138
1629,2,1554.589099,176,179,3,177.5,1.5,355,2,176,176,176
1630,2,1554.589099,88,90,2,89,1,178,2,88,88,88
1631,1,777.294549,209,209,0,209,0,209,1,209,209,209
1632,1,777.294549,691,691,0,691,0,691,1,691,691,691
1633,1,777.294549,153,153,0,153,0,153,1,153,153,153
1634,1,777.294549,422,422,0,422,0,422,1,422,422,422
1635,1,777.294549,245,245,0,245,0,245,1,245,245,245
1636,1,777.294549,268,268,0,268,0,268,1,268,268,268
1637,1,777.294549,103,103,0,103,0,103,1,103,103,103
1638,2,1554.589099,203,205,2,204,1,408,2,203,203,203
1639,1,777.294549,210,210,0,210,0,210,1,210,210,210
1640,2,1554.589099,763,770,7,766.5,3.5,1533,2,763,763,763
1641,1,777.294549,161,161,0,161,0,161,1,161,161,161
1642,1,777.294549,331,331,0,331,0,331,1,331,331,331
1643,2,1554.589099,533,536,3,534.5,1.5,1069,2,533,533,533
1644,2,1554.589099,173,175,2,174,1,348,2,173,173,173
1645,1,777.294549,259,259,0,259,0,259,1,259,259,259
1646,1,777.294549,253,253,0,253,0,253,1,253,253,253
1647,1,777.294549,714,714,0,714,0,714,1,714,714,714
1648,1,777.294549,96,96,0,96,0,96,1,96,96,96
1649,2,1554.589099,1229,1244,15,1236.5,7.5,2473,2,1229,1229,1229
1650,2,1554.589099,312,312,0,312,0,624,1,312,312,312
1651,2,1554.589099,121,125,4,123,2,246,2,121,121,121
1652,2,1554.589099,71,73,2,72,1,144,2,71,71,71
1653,1,777.294549,397,397,0,397,0,397,1,397,397,397
1654,1,777.294549,130,130,0,130,0,130,1,130,130,130
1655,1,777.294549,18,18,0,18,0,18,1,18,18,18
1656,2,1554.589099,334,337,3,335.5,1.5,671,2,334,334,334
1657,2,1554.589099,488,489,1,488.5,0.5,977,2,488,488,488
1658,2,1554.589099,1267,1268,1,1267.5,0.5,2535,2,1267,1267,1267
1659,2,1554.589099,532,535,3,533.5,1.5,1067,2,532,532,532
1660,1,777.294549,271,271,0,271,0,271,1,271,271,271
1661,1,777.294549,866,866,0,866,0,866,1,866,866,866
1662,2,1554.589099,86,88,2,87,1,174,2,86,86,86
1663,1,777.294549,96,96,0,96,0,96,1,96,96,96
1664,1,777.294549,238,238,0,238,0,238,1,238,238,238
1665,1,777.294549,606,606,0,606,0,606,1,606,606,606
1666,2,1554.589099,25,26,1,25.5,0.5,51,2,25,25,25
1667,2,1554.589099,329,333,4,331,2,662,2,329,329,329
1668,1,777.294549,132,132,0,132,0,132,1,132,132,132
1669,2,1554.589099,85,85,0,85,0,170,1,85,85,85
1670,1,777.294549,314,314,0,314,0,314,1,314,314,314
1671,2,1554.589099,39,43,4,41,2,82,2,39,39,39
1672,1,777.294549,131,131,0,131,0,131,1,131,131,131
1673,2,1554.589099,49,52,3,50.5,1.5,101,2,49,49,49
1674,2,1554.589099,280,286,6,283,3,566,2,280,280,280
1675,2,1554.589099,677,678,1,677.5,0.5,1355,2,677,677,677
1676,2,1554.589099,64,65,1,64.5,0.5,129,2,64,64,64
1677,2,1554.589099,77,77,0,77,0,154,1,77,77,77
1678,2,1554.589099,272,273,1,272.5,0.5,545,2,272,272,272
1679,1,777.294549,893,893,0,893,0,893,1,893,893,893
1680,2,1554.589099,172,172,0,172,0,344,1,172,172,172
1681,2,1554.589099,526,531,5,528.5,2.5,1057,2,526,526,526
1682,2,1554.589099,463,463,0,463,0,926,1,463,463,463
1683,1,777.294549,23,23,0,23,0,23,1,23,23,23
1684,1,777.294549,709,709,0,709,0,709,1,709,709,709
1685,1,777.294549,437,437,0,437,0,437,1,437,437,437
1686,2,1554.589099,31,32,1,31.5,0.5,63,2,31,31,31
1687,2,1554.589099,180,185,5,182.5,2.5,365,2,180,180,180
1688,1,777.294549,743,743,0,743,0,743,1,743,743,743
1689,1,777.294549,254,254,0,254,0,254,1,254,254,254
1690,2,1554.589099,261,261,0,261,0,522,1,261,261,261
1691,1,777.294549,218,218,0,218,0,218,1,218,218,218
1692,1,777.294549,63,63,0,63,0,63,1,63,63,63
1693,1,777.294549,370,370,0,370,0,370,1,370,370,370
1694,2,1554.589099,47,48,1,47.5,0.5,95,2,47,47,47
1695,2,1554.589099,130,131,1,130.5,0.5,261,2,130,130,130
1696,1,777.294549,469,469,0,469,0,469,1,469,469,469
1697,2,1554.589099,101,101,0,101,0,202,1,101,101,101
1698,2,1554.589099,326,327,1,326.5,0.5,653,2,326,326,326
1699,2,1554.589099,37,39,2,38,1,76,2,37,37,37
1700,1,777.294549,692,692,0,692,0,692,1,692,692,692
1701,2,1554.589099,216,217,1,216.5,0.5,433,2,216,216,216
1702,1,777.294549,188,188,0,188,0,188,1,188,188,188
1703,2,1554.589099,544,551,7,547.5,3.5,1095,2,544,544,544
1704,2,1554.589099,249,249,0,249,0,498,1,249,249,249
1705,2,1554.589099,702,703,1,702.5,0.5,1405,2,702,702,702
1706,2,1554.589099,197,199,2,198,1,396,2,197,197,197
1707,1,777.294549,276,276,0,276,0,276,1,276,276,276
1708,1,777.294549,1023,1023,0,1023,0,1023,1,1023,1023,1023
1709,1,777.294549,174,174,0,174,0,174,1,174,174,174
1710,1,777.294549,118,118,0,118,0,118,1,118,118,118
1711,2,1554.589099,282,283,1,282.5,0.5,565,2,282,282,282
1712,1,777.294549,52,52,0,52,0,52,1,52,52,52
1713,2,1554.589099,793,794,1,793.5,0.5,1587,2,793,793,793
1714,1,777.294549,242,242,0,242,0,242,1,242,242,242
1715,2,1554.589099,531,533,2,532,1,1064,2,531,531,531
1716,2,1554.589099,487,490,3,488.5,1.5,977,2,487,487,487
1717,2,1554.589099,735,738,3,736.5,1.5,1473,2,735,735,735
1718,2,1554.589099,565,570,5,567.5,2.5,1135,2,565,565,565
1719,2,1554.589099,59,62,3,60.5,1.5,121,2,59,59,59
1720,2,1554.589099,729,729,0,729,0,1458,1,729,729,729
1721,1,777.294549,351,351,0,351,0,351,1,351,351,351
1722,1,777.294549,193,193,0,193,0,193,1,193,193,193
1723,1,777.294549,722,722,0,722,0,722,1,722,722,722
1724,1,777.294549,269,269,0,269,0,269,1,269,269,269
1725,2,1554.589099,236,241,5,238.5,2.5,477,2,236,236,236
1726,1,777.294549,675,675,0,675,0,675,1,675,675,675
1727,2,1554.589099,178,178,0,178,0,356,1,178,178,178
1728,1,777.294549,146,146,0,146,0,146,1,146,146,146
1729,1,777.294549,290,290,0,290,0,290,1,290,290,290
1730,2,1554.589099,902,904,2,903,1,1806,2,902,902,902
1731,1,777.294549,174,174,0,174,0,174,1,174,174,174
1732,1,777.294549,93,93,0,93,0,93,1,93,93,93
1733,1,777.294549,311,311,0,311,0,311,1,311,311,311
1734,2,1554.589099,219,220,1,219.5,0.5,439,2,219,219,219
1735,1,777.294549,275,275,0,275,0,275,1,275,275,275
1736,1,777.294549,367,367,0,367,0,367,1,367,367,367
1737,2,1554.589099,410,411,1,410.5,0.5,821,2,410,410,410
1738,2,1554.589099,1067,1068,1,1067.5,0.5,2135,2,1067,1067,1067
1739,2,1554.589099,403,408,5,405.5,2.5,811,2,403,403,403
1740,2,1554.589099,165,166,1,165.5,0.5,331,2,165,165,165
1741,1,777.294549,291,291,0,291,0,291,1,291,291,291
1742,2,1554.589099,323,323,0,323,0,646,1,323,323,323
1743,2,1554.589099,84,85,1,84.5,0.5,169,2,84,84,84
1744,1,777.294549,466,466,0,466,0,466,1,466,466,466
1745,2,1554.589099,378,378,0,378,0,756,1,378,378,378
1746,1,777.294549,217,217,0,217,0,217,1,217,217,217
1747,2,1554.589099,465,469,4,467,2,934,2,465,465,465
1748,1,777.294549,743,743,0,743,0,743,1,743,743,743
1749,1,777.294549,109,109,0,109,0,109,1,109,109,109
1750,1,777.294549,162,162,0,162,0,162,1,162,162,162
1751,1,777.294549,177,177,0,177,0,177,1,177,177,177
1752,1,777.294549,106,106,0,106,0,106,1,106,106,106
1753,1,777.294549,386,386,0,386,0,386,1,386,386,386
1754,2,1554.589099,9,10,1,9.5,0.5,19,2,9,9,9
1755,2,1554.589099,45,49,4,47,2,94,2,45,45,45
1756,2,1554.589099,122,123,1,122.5,0.5,245,2,122,122,122
1757,1,777.294549,725,725,0,725,0,725,1,725,725,725
1758,2,1554.589099,468,470,2,469,1,938,2,468,468,468
1759,2,1554.589099,300,302,2,301,1,602,2,300,300,300
1760,1,777.294549,866,866,0,866,0,866,1,866,866,866
1761,2,1554.589099,77,80,3,78.5,1.5,157,2,77,77,77
1762,2,1554.589099,154,154,0,154,0,308,1,154,154,154
1763,2,1554.589099,277,278,1,277.5,0.5,555,2,277,277,277
1764,2,1554.589099,60,61,1,60.5,0.5,121,2,60,60,60
1765,2,1554.589099,569,572,3,570.5,1.5,1141,2,569,569,569
1766,2,1554.589099,57,58,1,57.5,0.5,115,2,57,57,57
1767,1,777.294549,105,105,0,105,0,105,1,105,105,105
1768,2,1554.589099,23,23,0,23,0,46,1,23,23,23
1769,2,1554.589099,65,76,11,70.5,5.5,141,2,65,65,65
1770,2,1554.589099,40,42,2,41,1,82,2,40,40,40
1771,2,1554.589099,505,508,3,506.5,1.5,1013,2,505,505,505
1772,2,1554.589099,189,190,1,189.5,0.5,379,2,189,189,189
1773,2,1554.589099,21,22,1,21.5,0.5,43,2,21,21,21
1774,1,777.294549,656,656,0,656,0,656,1,656,656,656
1775,2,1554.589099,275,283,8,279,4,558,2,275,275,275
1776,2,1554.589099,205,206,1,205.5,0.5,411,2,205,205,205
1777,1,777.294549,180,180,0,180,0,180,1,180,180,180
1778,1,777.294549,740,740,0,740,0,740,1,740,740,740
1779,2,1554.589099,73,74,1,73.5,0.5,147,2,73,73,73
1780,1,777.294549,203,203,0,203,0,203,1,203,203,203
1781,2,1554.589099,1023,1023,0,1023,0,2046,1,1023,1023,1023
1782,2,1554.589099,446,449,3,447.5,1.5,895,2,446,446,446
1783,2,1554.589099,248,249,1,248.5,0.5,497,2,248,248,248
1784,2,1554.589099,198,203,5,200.5,2.5,401,2,198,198,198
1785,1,777.294549,259,259,0,259,0,259,1,259,259,259
1786,2,1554.589099,542,545,3,543.5,1.5,1087,2,542,542,542
1787,2,1554.589099,302,303,1,302.5,0.5,605,2,302,302,302
1788,1,777.294549,219,219,0,219,0,219,1,219,219,219
1789,1,777.294549,823,823,0,823,0,823,1,823,823,823
1790,2,1554.589099,596,597,1,596.5,0.5,1193,2,596,596,596
1791,1,777.294549,202,202,0,202,0,202,1,202,202,202
1792,1,777.294549,321,321,0,321,0,321,1,321,321,321
1793,2,1554.589099,64,64,0,64,0,128,1,64,64,64
1794,1,777.294549,483,483,0,483,0,483,1,483,483,483
1795,1,777.294549,282,282,0,282,0,282,1,282,282,282
1796,1,777.294549,16,16,0,16,0,16,1,16,16,16
1797,2,1554.589099,215,215,0,215,0,430,1,215,215,215
1798,2,1554.589099,499,501,2,500,1,1000,2,499,499,499
1799,2,1554.589099,185,185,0,185,0,370,1,185,185,185
1800,2,1554.589099,626,628,2,627,1,1254,2,626,626,626
1801,1,777.294549,232,232,0,232,0,232,1,232,232,232
1802,2,1554.589099,659,660,1,659.5,0.5,1319,2,659,659,659
1803,2,1554.589099,172,172,0,172,0,344,1,172,172,172
1804,1,777.294549,222,222,0,222,0,222,1,222,222,222
1805,1,777.294549,791,791,0,791,0,791,1,791,791,791
1806,1,777.294549,493,493,0,493,0,493,1,493,493,493
1807,1,777.294549,622,622,0,622,0,622,1,622,622,622
1808,2,1554.589099,347,347,0,347,0,694,1,347,347,347
1809,2,1554.589099,145,151,6,148,3,296,2,145,145,145
1810,1,777.294549,273,273,0,273,0,273,1,273,273,273
1811,2,1554.589099,204,206,2,205,1,410,2,204,204,204
1812,1,777.294549,105,105,0,105,0,105,1,105,105,105
1813,1,777.294549,189,189,0,189,0,189,1,189,189,189
1814,1,777.294549,371,371,0,371,0,371,1,371,371,371
1815,2,1554.589099,380,382,2,381,1,762,2,380,380,380
1816,2,1554.589099,695,699,4,697,2,1394,2,695,695,695
1817,1,777.294549,225,225,0,225,0,225,1,225,225,225
1818,1,777.294549,151,151,0,151,0,151,1,151,151,151
1819,1,777.294549,119,119,0,119,0,119,1,119,119,119
1820,2,1554.589099,198,204,6,201,3,402,2,198,198,198
1821,1,777.294549,235,235,0,235,0,235,1,235,235,235
1822,1,777.294549,196,196,0,196,0,196,1,196,196,196
1823,2,1554.589099,213,214,1,213.5,0.5,427,2,213,213,213
1824,2,1554.589099,525,526,1,525.5,0.5,1051,2,525,525,525
1825,1,777.294549,234,234,0,234,0,234,1,234,234,234
1826,1,777.294549,85,85,0,85,0,85,1,85,85,85
1827,2,1554.589099,102,106,4,104,2,208,2,102,102,102
1828,2,1554.589099,1461,1461,0,1461,0,2922,1,1461,1461,1461
1829,2,1554.589099,185,186,1,185.5,0.5,371,2,185,185,185
1830,2,1554.589099,509,511,2,510,1,1020,2,509,509,509
1831,2,1554.589099,435,439,4,437,2,874,2,435,435,435
1832,1,777.294549,434,434,0,434,0,434,1,434,434,434
1833,1,777.294549,210,210,0,210,0,210,1,210,210,210
1834,1,777.294549,653,653,0,653,0,653,1,653,653,653
1835,2,1554.589099,-1,-1,0,-1,0,-2,1,-1,-1,-1
1836,2,1554.589099,933,935,2,934,1,1868,2,933,933,933
1837,1,777.294549,443,443,0,443,0,443,1,443,443,443
1838,1,777.294549,301,301,0,301,0,301,1,301,301,301
1839,2,1554.589099,91,92,1,91.5,0.5,183,2,91,91,91
1840,2,1554.589099,239,245,6,242,3,484,2,239,239,239
1841,2,1554.589099,3,3,0,3,0,6,1,3,3,3
1842,1,777.294549,369,369,0,369,0,369,1,369,369,369
1843,2,1554.589099,211,214,3,212.5,1.5,425,2,211,211,211
1844,2,1554.589099,419,422,3,420.5,1.5,841,2,419,419,419
1845,2,1554.589099,1037,1037,0,1037,0,2074,1,1037,1037,1037
1846,1,777.294549,558,558,0,558,0,558,1,558,558,558
1847,2,1554.589099,180,181,1,180.5,0.5,361,2,180,180,180
1848,1,777.294549,435,435,0,435,0,435,1,435,435,435
1849,2,1554.589099,827,837,10,832,5,1664,2,827,827,827
1850,2,1554.589099,47,47,0,47,0,94,1,47,47,47
1851,2,1554.589099,677,680,3,678.5,1.5,1357,2,677,677,677
1852,1,777.294549,153,153,0,153,0,153,1,153,153,153
1853,1,777.294549,56,56,0,56,0,56,1,56,56,56
1854,1,777.294549,233,233,0,233,0,233,1,233,233,233
1855,2,1554.589099,433,434,1,433.5,0.5,867,2,433,433,433
1856,2,1554.589099,752,755,3,753.5,1.5,1507,2,752,752,752
1857,2,1554.589099,690,690,0,690,0,1380,1,690,690,690
1858,1,777.294549,116,116,0,116,0,116,1,116,116,116
1859,2,1554.589099,723,724,1,723.5,0.5,1447,2,723,723,723
1860,1,777.294549,79,79,0,79,0,79,1,79,79,79
1861,1,777.294549,53,53,0,53,0,53,1,53,53,53
1862,2,1554.589099,43,45,2,44,1,88,2,43,43,43
1863,2,1554.589099,525,527,2,526,1,1052,2,525,525,525
1864,2,1554.589099,290,295,5,292.5,2.5,585,2,290,290,290
1865,1,777.294549,627,627,0,627,0,627,1,627,627,627
1866,1,777.294549,308,308,0,308,0,308,1,308,308,308
1867,2,1554.589099,640,643,3,641.5,1.5,1283,2,640,640,640
1868,1,777.294549,417,417,0,417,0,417,1,417,417,417
1869,1,777.294549,206,206,0,206,0,206,1,206,206,206
1870,2,1554.589099,497,500,3,498.5,1.5,997,2,497,497,497
1871,1,777.294549,329,329,0,329,0,329,1,329,329,329
1872,2,1554.589099,214,214,0,214,0,428,1,214,214,214
1873,1,777.294549,10,10,0,10,0,10,1,10,10,10
1874,2,1554.589099,213,220,7,216.5,3.5,433,2,213,213,213
1875,2,1554.589099,66,68,2,67,1,134,2,66,66,66
1876,1,777.294549,269,269,0,269,0,269,1,269,269,269
1877,1,777.294549,1342,1342,0,1342,0,1342,1,1342,1342,1342
1878,2,1554.589099,198,198,0,198,0,396,1,198,198,198
1879,2,1554.589099,30,30,0,30,0,60,1,30,30,30
1880,1,777.294549,236,236,0,236,0,236,1,236,236,236
1881,2,1554.589099,459,460,1,459.5,0.5,919,2,459,459,459
1882,1,777.294549,79,79,0,79,0,79,1,79,79,79
1883,1,777.294549,124,124,0,124,0,124,1,124,124,124
1884,2,1554.589099,189,190,1,189.5,0.5,379,2,189,189,189
1885,1,777.294549,11,11,0,11,0,11,1,11,11,11
1886,2,1554.589099,108,108,0,108,0,216,1,108,108,108
1887,1,777.294549,826,826,0,826,0,826,1,826,826,826
1888,1,777.294549,236,236,0,236,0,236,1,236,236,236
1889,1,777.294549,78,78,0,78,0,78,1,78,78,78
1890,1,777.294549,513,513,0,513,0,513,1,513,513,513
1891,1,777.294549,413,413,0,413,0,413,1,413,413,413
1892,2,1554.589099,65,66,1,65.5,0.5,131,2,65,65,65
1893,1,777.294549,302,302,0,302,0,302,1,302,302,302
1894,2,1554.589099,129,131,2,130,1,260,2,129,129,129
1895,2,1554.589099,57,57,0,57,0,114,1,57,57,57
1896,1,777.294549,378,378,0,378,0,378,1,378,378,378
1897,2,1554.589099,89,91,2,90,1,180,2,89,89,89
1898,2,1554.589099,192,194,2,193,1,386,2,192,192,192
1899,2,1554.589099,148,148,0,148,0,296,1,148,148,148
1900,2,1554.589099,139,139,0,139,0,278,1,139,139,139
1901,2,1554.589099,147,149,2,148,1,296,2,147,147,147
1902,2,1554.589099,384,387,3,385.5,1.5,771,2,384,384,384
1903,1,777.294549,547,547,0,547,0,547,1,547,547,547
1904,2,1554.589099,919,925,6,922,3,1844,2,919,919,919
1905,2,1554.589099,340,340,0,340,0,680,1,340,340,340
1906,2,1554.589099,295,296,1,295.5,0.5,591,2,295,295,295
1907,2,1554.589099,98,100,2,99,1,198,2,98,98,98
1908,2,1554.589099,641,642,1,641.5,0.5,1283,2,641,641,641
1909,1,777.294549,88,88,0,88,0,88,1,88,88,88
1910,2,1554.589099,831,839,8,835,4,1670,2,831,831,831
1911,2,1554.589099,194,196,2,195,1,390,2,194,194,194
1912,1,777.294549,67,67,0,67,0,67,1,67,67,67
1913,2,1554.589099,263,264,1,263.5,0.5,527,2,263,263,263
1914,2,1554.589099,14,15,1,14.5,0.5,29,2,14,14,14
1915,2,1554.589099,65,66,1,65.5,0.5,131,2,65,65,65
1916,2,1554.589099,288,291,3,289.5,1.5,579,2,288,288,288
1917,1,777.294549,444,444,0,444,0,444,1,444,444,444
1918,2,1554.589099,82,82,0,82,0,164,1,82,82,82
1919,2,1554.589099,1215,1219,4,1217,2,2434,2,1215,1215,1215
1920,1,777.294549,693,693,0,693,0,693,1,693,693,693
1921,1,777.294549,126,126,0,126,0,126,1,126,126,126
1922,1,777.294549,155,155,0,155,0,155,1,155,155,155
1923,2,1554.589099,474,481,7,477.5,3.5,955,2,474,474,474
1924,1,777.294549,20,20,0,20,0,20,1,20,20,20
1925,2,1554.589099,190,191,1,190.5,0.5,381,2,190,190,190
1926,2,1554.589099,735,735,0,735,0,1470,1,735,735,735
1927,2,1554.589099,598,604,6,601,3,1202,2,598,598,598
1928,2,1554.589099,309,311,2,310,1,620,2,309,309,309
1929,2,1554.589099,63,64,1,63.5,0.5,127,2,63,63,63
1930,2,1554.589099,49,49,0,49,0,98,1,49,49,49
1931,2,1554.589099,267,267,0,267,0,534,1,267,267,267
1932,2,1554.589099,360,362,2,361,1,722,2,360,360,360
1933,1,777.294549,265,265,0,265,0,265,1,265,265,265
1934,2,1554.589099,148,148,0,148,0,296,1,148,148,148
1935,1,777.294549,197,197,0,197,0,197,1,197,197,197
1936,2,1554.589099,32,33,1,32.5,0.5,65,2,32,32,32
1937,2,1554.589099,611,613,2,612,1,1224,2,611,611,611
1938,2,1554.589099,290,290,0,290,0,580,1,290,290,290
1939,1,777.294549,161,161,0,161,0,161,1,161,161,161
1940,2,1554.589099,153,155,2,154,1,308,2,153,153,153
1941,2,1554.589099,116,117,1,116.5,0.5,233,2,116,116,116
1942,1,777.294549,240,240,0,240,0,240,1,240,240,240
1943,3,2331.883648,177,182,5,179.333333,2.054805,538,3,177,177,179
1944,2,1554.589099,327,331,4,329,2,658,2,327,327,327
1945,2,1554.589099,33,46,13,39.5,6.5,79,2,33,33,33
1946,2,1554.589099,225,227,2,226,1,452,2,225,225,225
1947,2,1554.589099,111,112,1,111.5,0.5,223,2,111,111,111
1948,2,1554.589099,347,348,1,347.5,0.5,695,2,347,347,347
1949,2,1554.589099,183,184,1,183.5,0.5,367,2,183,183,183
1950,1,777.294549,195,195,0,195,0,195,1,195,195,195
1951,2,1554.589099,963,965,2,964,1,1928,2,963,963,963
1952,2,1554.589099,153,156,3,154.5,1.5,309,2,153,153,153
1953,1,777.294549,867,867,0,867,0,867,1,867,867,867
1954,1,777.294549,74,74,0,74,0,74,1,74,74,74
1955,2,1554.589099,265,265,0,265,0,530,1,265,265,265
1956,1,777.294549,115,115,0,115,0,115,1,115,115,115
1957,2,1554.589099,210,215,5,212.5,2.5,425,2,210,210,210
1958,1,777.294549,61,61,0,61,0,61,1,61,61,61
1959,1,777.294549,833,833,0,833,0,833,1,833,833,833
1960,1,777.294549,169,169,0,169,0,169,1,169,169,169
1961,2,1554.589099,232,234,2,233,1,466,2,232,232,232
1962,2,1554.589099,110,110,0,110,0,220,1,110,110,110
1963,2,1554.589099,26,27,1,26.5,0.5,53,2,26,26,26
1964,2,1554.589099,159,160,1,159.5,0.5,319,2,159,159,159
1965,1,777.294549,42,42,0,42,0,42,1,42,42,42
1966,2,1554.589099,339,340,1,339.5,0.5,679,2,339,339,339
1967,2,1554.589099,625,629,4,627,2,1254,2,625,625,625
1968,2,1554.589099,302,305,3,303.5,1.5,607,2,302,302,302
1969,1,777.294549,180,180,0,180,0,180,1,180,180,180
1970,2,1554.589099,139,143,4,141,2,282,2,139,139,139
1971,1,777.294549,91,91,0,91,0,91,1,91,91,91
1972,2,1554.589099,863,864,1,863.5,0.5,1727,2,863,863,863
1973,2,1554.589099,259,260,1,259.5,0.5,519,2,259,259,259
1974,2,1554.589099,198,203,5,200.5,2.5,401,2,198,198,198
1975,2,1554.589099,103,105,2,104,1,208,2,103,103,103
1976,1,777.294549,38,38,0,38,0,38,1,38,38,38
1977,2,1554.589099,799,808,9,803.5,4.5,1607,2,799,799,799
1978,2,1554.589099,294,295,1,294.5,0.5,589,2,294,294,294
1979,1,777.294549,41,41,0,41,0,41,1,41,41,41
1980,2,1554.589099,339,340,1,339.5,0.5,679,2,339,339,339
1981,2,1554.589099,293,295,2,294,1,588,2,293,293,293
1982,1,777.294549,197,197,0,197,0,197,1,197,197,197
1983,1,777.294549,475,475,0,475,0,475,1,475,475,475
1984,2,1554.589099,1212,1218,6,1215,3,2430,2,1212,1212,1212
1985,2,1554.589099,354,358,4,356,2,712,2,354,354,354
1986,2,1554.589099,69,85,16,77,8,154,2,69,69,69
1987,1,777.294549,375,375,0,375,0,375,1,375,375,375
1988,1,777.294549,169,169,0,169,0,169,1,169,169,169
1989,2,1554.589099,389,391,2,390,1,780,2,389,389,389
1990,1,777.294549,371,371,0,371,0,371,1,371,371,371
1991,2,1554.589099,484,487,3,485.5,1.5,971,2,484,484,484
1992,2,1554.589099,98,105,7,101.5,3.5,203,2,98,98,98
1993,2,1554.589099,202,207,5,204.5,2.5,409,2,202,202,202
1994,2,1554.589099,712,713,1,712.5,0.5,1425,2,712,712,712
1995,1,777.294549,514,514,0,514,0,514,1,514,514,514
1996,1,777.294549,188,188,0,188,0,188,1,188,188,188
1997,1,777.294549,116,116,0,116,0,116,1,116,116,116
1998,2,1554.589099,208,209,1,208.5,0.5,417,2,208,208,208
1999,2,1554.589099,406,413,7,409.5,3.5,819,2,406,406,406
2000,2,1554.589099,68,68,0,68,0,136,1,68,68,68
2001,2,1554.589099,754,754,0,754,0,1508,1,754,754,754
2002,1,777.294549,312,312,0,312,0,312,1,312,312,312
2003,1,777.294549,247,247,0,247,0,247,1,247,247,247
2004,2,1554.589099,236,236,0,236,0,472,1,236,236,236
2005,2,1554.589099,132,132,0,132,0,264,1,132,132,132
2006,2,1554.589099,31,31,0,31,0,62,1,31,31,31
2007,2,1554.589099,553,555,2,554,1,1108,2,553,553,553
2008,1,777.294549,44,44,0,44,0,44,1,44,44,44
2009,2,1554.589099,226,229,3,227.5,1.5,455,2,226,226,226
2010,2,1554.589099,95,96,1,95.5,0.5,191,2,95,95,95
2011,1,777.294549,287,287,0,287,0,287,1,287,287,287
2012,2,1554.589099,58,60,2,59,1,118,2,58,58,58
2013,2,1554.589099,6,7,1,6.5,0.5,13,2,6,6,6
2014,1,777.294549,143,143,0,143,0,143,1,143,143,143
2015,2,1554.589099,314,314,0,314,0,628,1,314,314,314
2016,1,777.294549,74,74,0,74,0,74,1,74,74,74
2017,1,777.294549,198,198,0,198,0,198,1,198,198,198
2018,1,777.294549,104,104,0,104,0,104,1,104,104,104
2019,1,777.294549,201,201,0,201,0,201,1,201,201,201
2020,2,1554.589099,52,52,0,52,0,104,1,52,52,52
2021,2,1554.589099,195,196,1,195.5,0.5,391,2,195,195,195
2022,2,1554.589099,450,451,1,450.5,0.5,901,2,450,450,450
2023,1,777.294549,954,954,0,954,0,954,1,954,954,954
2024,2,1554.589099,137,138,1,137.5,0.5,275,2,137,137,137
2025,2,1554.589099,327,329,2,328,1,656,2,327,327,327
2026,1,777.294549,77,77,0,77,0,77,1,77,77,77
2027,1,777.294549,651,651,0,651,0,651,1,651,651,651
2028,2,1554.589099,175,176,1,175.5,0.5,351,2,175,175,175
2029,2,1554.589099,173,180,7,176.5,3.5,353,2,173,173,173
2030,2,1554.589099,694,697,3,695.5,1.5,1391,2,694,694,694
2031,1,777.294549,723,723,0,723,0,723,1,723,723,723
2032,2,1554.589099,433,434,1,433.5,0.5,867,2,433,433,433
2033,1,777.294549,573,573,0,573,0,573,1,573,573,573
2034,2,1554.589099,1070,1077,7,1073.5,3.5,2147,2,1070,1070,1070
2035,1,777.294549,404,404,0,404,0,404,1,404,404,404
2036,2,1554.589099,339,343,4,341,2,682,2,339,339,339
2037,2,1554.589099,39,43,4,41,2,82,2,39,39,39
2038,2,1554.589099,753,755,2,754,1,1508,2,753,753,753
2039,1,777.294549,932,932,0,932,0,932,1,932,932,932
2040,1,777.294549,605,605,0,605,0,605,1,605,605,605
2041,2,1554.589099,229,229,0,229,0,458,1,229,229,229
2042,2,1554.589099,52,52,0,52,0,104,1,52,52,52
2043,1,777.294549,885,885,0,885,0,885,1,885,885,885
2044,1,777.294549,395,395,0,395,0,395,1,395,395,395
2045,1,777.294549,654,654,0,654,0,654,1,654,654,654
2046,2,1554.589099,83,84,1,83.5,0.5,167,2,83,83,83
2047,2,1554.589099,870,879,9,874.5,4.5,1749,2,870,870,870
2048,1,777.294549,220,220,0,220,0,220,1,220,220,220
2049,2,1554.589099,182,185,3,183.5,1.5,367,2,182,182,182
2050,1,777.294549,179,179,0,179,0,179,1,179,179,179
2051,2,1554.589099,82,83,1,82.5,0.5,165,2,82,82,82
2052,1,777.294549,248,248,0,248,0,248,1,248,248,248
2053,2,1554.589099,271,272,1,271.5,0.5,543,2,271,271,271
2054,2,1554.589099,213,219,6,216,3,432,2,213,213,213
2055,1,777.294549,598,598,0,598,0,598,1,598,598,598
2056,2,1554.589099,484,491,7,487.5,3.5,975,2,484,484,484
2057,2,1554.589099,289,296,7,292.5,3.5,585,2,289,289,289
2058,2,1554.589099,130,135,5,132.5,2.5,265,2,130,130,130
2059,2,1554.589099,321,324,3,322.5,1.5,645,2,321,321,321
2060,2,1554.589099,155,157,2,156,1,312,2,155,155,155
2061,2,1554.589099,1020,1025,5,1022.5,2.5,2045,2,1020,1020,1020
2062,1,777.294549,362,362,0,362,0,362,1,362,362,362
2063,2,1554.589099,144,144,0,144,0,288,1,144,144,144
2064,1,777.294549,234,234,0,234,0,234,1,234,234,234
2065,1,777.294549,890,890,0,890,0,890,1,890,890,890
2066,2,1554.589099,146,147,1,146.5,0.5,293,2,146,146,146
2067,2,1554.589099,243,250,7,246.5,3.5,493,2,243,243,243
2068,2,1554.589099,212,212,0,212,0,424,1,212,212,212
2069,2,1554.589099,775,784,9,779.5,4.5,1559,2,775,775,775
2070,2,1554.589099,7,8,1,7.5,0.5,15,2,7,7,7
2071,1,777.294549,136,136,0,136,0,136,1,136,136,136
2072,1,777.294549,86,86,0,86,0,86,1,86,86,86
2073,2,1554.589099,676,676,0,676,0,1352,1,676,676,676
2074,1,777.294549,694,694,0,694,0,694,1,694,694,694
2075,1,777.294549,600,600,0,600,0,600,1,600,600,600
2076,2,1554.589099,512,515,3,513.5,1.5,1027,2,512,512,512
2077,1,777.294549,91,91,0,91,0,91,1,91,91,91
2078,1,777.294549,400,400,0,400,0,400,1,400,400,400
2079,1,777.294549,284,284,0,284,0,284,1,284,284,284
2080,2,1554.589099,591,605,14,598,7,1196,2,591,591,591
2081,1,777.294549,78,78,0,78,0,78,1,78,78,78
2082,2,1554.589099,321,322,1,321.5,0.5,643,2,321,321,321
2083,2,1554.589099,90,91,1,90.5,0.5,181,2,90,90,90
2084,1,777.294549,90,90,0,90,0,90,1,90,90,90
2085,1,777.294549,102,102,0,102,0,102,1,102,102,102
2086,2,1554.589099,180,185,5,182.5,2.5,365,2,180,180,180
2087,2,1554.589099,118,119,1,118.5,0.5,237,2,118,118,118
2088,1,777.294549,222,222,0,222,0,222,1,222,222,222
2089,2,1554.589099,149,151,2,150,1,300,2,149,149,149
2090,2,1554.589099,273,274,1,273.5,0.5,547,2,273,273,273
2091,2,1554.589099,683,684,1,683.5,0.5,1367,2,683,683,683
2092,1,777.294549,230,230,0,230,0,230,1,230,230,230
2093,2,1554.589099,780,789,9,784.5,4.5,1569,2,780,780,780
2094,1,777.294549,364,364,0,364,0,364,1,364,364,364
2095,2,1554.589099,890,899,9,894.5,4.5,1789,2,890,890,890
2096,1,777.294549,202,202,0,202,0,202,1,202,202,202
2097,2,1554.589099,488,490,2,489,1,978,2,488,488,488
2098,2,1554.589099,145,146,1,145.5,0.5,291,2,145,145,145
2099,2,1554.589099,25,25,0,25,0,50,1,25,25,25
2100,2,1554.589099,534,538,4,536,2,1072,2,534,534,534
2101,1,777.294549,261,261,0,261,0,261,1,261,261,261
2102,1,777.294549,85,85,0,85,0,85,1,85,85,85
2103,1,777.294549,131,131,0,131,0,131,1,131,131,131
2104,2,1554.589099,773,776,3,774.5,1.5,1549,2,773,773,773
2105,2,1554.589099,191,194,3,192.5,1.5,385,2,191,191,191
2106,2,1554.589099,213,214,1,213.5,0.5,427,2,213,213,213
2107,2,1554.589099,168,172,4,170,2,340,2,168,168,168
2108,2,1554.589099,219,221,2,220,1,440,2,219,219,219
2109,1,777.294549,264,264,0,264,0,264,1,264,264,264
2110,2,1554.589099,138,138,0,138,0,276,1,138,138,138
2111,2,1554.589099,171,172,1,171.5,0.5,343,2,171,171,171
2112,2,1554.589099,45,45,0,45,0,90,1,45,45,45
2113,1,777.294549,598,598,0,598,0,598,1,598,598,598
2114,2,1554.589099,593,595,2,594,1,1188,2,593,593,593
2115,2,1554.589099,163,164,1,163.5,0.5,327,2,163,163,163
2116,2,1554.589099,274,274,0,274,0,548,1,274,274,274
2117,1,777.294549,137,137,0,137,0,137,1,137,137,137
2118,2,1554.589099,235,242,7,238.5,3.5,477,2,235,235,235
2119,1,777.294549,55,55,0,55,0,55,1,55,55,55
2120,2,1554.589099,77,81,4,79,2,158,2,77,77,77
2121,1,777.294549,3,3,0,3,0,3,1,3,3,3
2122,2,1554.589099,730,732,2,731,1,1462,2,730,730,730
2123,2,1554.589099,173,175,2,174,1,348,2,173,173,173
2124,2,1554.589099,334,335,1,334.5,0.5,669,2,334,334,334
2125,2,1554.589099,71,72,1,71.5,0.5,143,2,71,71,71
2126,1,777.294549,531,531,0,531,0,531,1,531,531,531
2127,1,777.294549,34,34,0,34,0,34,1,34,34,34
2128,2,1554.589099,334,336,2,335,1,670,2,334,334,334
2129,2,1554.589099,188,188,0,188,0,376,1,188,188,188
2130,1,777.294549,79,79,0,79,0,79,1,79,79,79
2131,1,777.294549,75,75,0,75,0,75,1,75,75,75
2132,1,777.294549,256,256,0,256,0,256,1,256,256,256
2133,1,777.294549,417,417,0,417,0,417,1,417,417,417
2134,2,1554.589099,657,657,0,657,0,1314,1,657,657,657
2135,1,777.294549,509,509,0,509,0,509,1,509,509,509
2136,2,1554.589099,192,197,5,194.5,2.5,389,2,192,192,192
2137,1,777.294549,557,557,0,557,0,557,1,557,557,557
2138,2,1554.589099,864,867,3,865.5,1.5,1731,2,864,864,864
2139,1,777.294549,272,272,0,272,0,272,1,272,272,272
2140,1,777.294549,102,102,0,102,0,102,1,102,102,102
2141,1,777.294549,555,555,0,555,0,555,1,555,555,555
2142,1,777.294549,80,80,0,80,0,80,1,80,80,80
2143,1,777.294549,182,182,0,182,0,182,1,182,182,182
2144,1,777.294549,1087,1087,0,1087,0,1087,1,1087,1087,1087
2145,2,1554.589099,272,272,0,272,0,544,1,272,272,272
2146,2,1554.589099,82,90,8,86,4,172,2,82,82,82
2147,1,777.294549,33,33,0,33,0,33,1,33,33,33
2148,1,777.294549,48,48,0,48,0,48,1,48,48,48
2149,1,777.294549,482,482,0,482,0,482,1,482,482,482
2150,1,777.294549,335,335,0,335,0,335,1,335,335,335
2151,1,777.294549,70,70,0,70,0,70,1,70,70,70
2152,1,777.294549,242,242,0,242,0,242,1,242,242,242
2153,1,777.294549,34,34,0,34,0,34,1,34,34,34
2154,1,777.294549,143,143,0,143,0,143,1,143,143,143
2155,2,1554.589099,584,589,5,586.5,2.5,1173,2,584,584,584
2156,2,1554.589099,178,181,3,179.5,1.5,359,2,178,178,178
2157,2,1554.589099,169,169,0,169,0,338,1,169,169,169
2158,2,1554.589099,688,690,2,689,1,1378,2,688,688,688
2159,2,1554.589099,71,73,2,72,1,144,2,71,71,71
2160,1,777.294549,269,269,0,269,0,269,1,269,269,269
2161,1,777.294549,137,137,0,137,0,137,1,137,137,137
2162,2,1554.589099,37,39,2,38,1,76,2,37,37,37
2163,1,777.294549,40,40,0,40,0,40,1,40,40,40
2164,2,1554.589099,805,813,8,809,4,1618,2,805,805,805
2165,2,1554.589099,892,899,7,895.5,3.5,1791,2,892,892,892
2166,2,1554.589099,689,689,0,689,0,1378,1,689,689,689
2167,2,1554.589099,224,225,1,224.5,0.5,449,2,224,224,224
2168,2,1554.589099,399,401,2,400,1,800,2,399,399,399
2169,1,777.294549,244,244,0,244,0,244,1,244,244,244
2170,1,777.294549,416,416,0,416,0,416,1,416,416,416
2171,2,1554.589099,311,314,3,312.5,1.5,625,2,311,311,311
2172,1,777.294549,542,542,0,542,0,542,1,542,542,542
2173,2,1554.589099,110,113,3,111.5,1.5,223,2,110,110,110
2174,2,1554.589099,274,279,5,276.5,2.5,553,2,274,274,274
2175,2,1554.589099,283,285,2,284,1,568,2,283,283,283
2176,2,1554.589099,450,451,1,450.5,0.5,901,2,450,450,450
2177,1,777.294549,322,322,0,322,0,322,1,322,322,322
2178,2,1554.589099,218,222,4,220,2,440,2,218,218,218
2179,2,1554.589099,457,462,5,459.5,2.5,919,2,457,457,457
2180,1,777.294549,202,202,0,202,0,202,1,202,202,202
2181,1,777.294549,105,105,0,105,0,105,1,105,105,105
2182,2,1554.589099,593,594,1,593.5,0.5,1187,2,593,593,593
2183,2,1554.589099,174,175,1,174.5,0.5,349,2,174,174,174
2184,1,777.294549,80,80,0,80,0,80,1,80,80,80
2185,2,1554.589099,340,341,1,340.5,0.5,681,2,340,340,340
2186,1,777.294549,86,86,0,86,0,86,1,86,86,86
2187,1,777.294549,150,150,0,150,0,150,1,150,150,150
2188,2,1554.589099,240,246,6,243,3,486,2,240,240,240
2189,2,1554.589099,823,825,2,824,1,1648,2,823,823,823
2190,2,1554.589099,21,21,0,21,0,42,1,21,21,21
2191,2,1554.589099,498,498,0,498,0,996,1,498,498,498
2192,2,1554.589099,611,616,5,613.5,2.5,1227,2,611,611,611
2193,1,777.294549,174,174,0,174,0,174,1,174,174,174
2194,2,1554.589099,325,330,5,327.5,2.5,655,2,325,325,325
2195,2,1554.589099,193,195,2,194,1,388,2,193,193,193
2196,2,1554.589099,534,544,10,539,5,1078,2,534,534,534
2197,2,1554.589099,379,381,2,380,1,760,2,379,379,379
2198,1,777.294549,364,364,0,364,0,364,1,364,364,364
2199,2,1554.589099,7,8,1,7.5,0.5,15,2,7,7,7
2200,2,1554.589099,131,135,4,133,2,266,2,131,131,131
2201,1,777.294549,362,362,0,362,0,362,1,362,362,362
2202,2,1554.589099,252,252,0,252,0,504,1,252,252,252
2203,1,777.294549,639,639,0,639,0,639,1,639,639,639
2204,2,1554.589099,20,21,1,20.5,0.5,41,2,20,20,20
2205,2,1554.589099,163,163,0,163,0,326,1,163,163,163
2206,2,1554.589099,183,183,0,183,0,366,1,183,183,183
2207,2,1554.589099,259,268,9,263.5,4.5,527,2,259,259,259
2208,2,1554.589099,789,793,4,791,2,1582,2,789,789,789
2209,2,1554.589099,679,681,2,680,1,1360,2,679,679,679
2210,1,777.294549,188,188,0,188,0,188,1,188,188,188
2211,1,777.294549,566,566,0,566,0,566,1,566,566,566
2212,1,777.294549,238,238,0,238,0,238,1,238,238,238
2213,1,777.294549,162,162,0,162,0,162,1,162,162,162
2214,1,777.294549,484,484,0,484,0,484,1,484,484,484
2215,1,777.294549,184,184,0,184,0,184,1,184,184,184
2216,2,1554.589099,159,159,0,159,0,318,1,159,159,159
2217,3,2331.883648,44,46,2,45,0.816497,135,3,44,44,45
2218,2,1554.589099,594,595,1,594.5,0.5,1189,2,594,594,594
2219,2,1554.589099,562,568,6,565,3,1130,2,562,562,562
2220,2,1554.589099,810,811,1,810.5,0.5,1621,2,810,810,810
2221,2,1554.589099,1675,1676,1,1675.5,0.5,3351,2,1675,1675,1675
2222,1,777.294549,258,258,0,258,0,258,1,258,258,258
2223,3,2331.883648,637,646,9,641.333333,3.681787,1924,3,637,637,641
2224,2,1554.589099,379,384,5,381.5,2.5,763,2,379,379,379
2225,2,1554.589099,428,428,0,428,0,856,1,428,428,428
2226,2,1554.589099,1297,1300,3,1298.5,1.5,2597,2,1297,1297,1297
2227,2,1554.589099,40,40,0,40,0,80,1,40,40,40
2228,1,777.294549,87,87,0,87,0,87,1,87,87,87
2229,1,777.294549,23,23,0,23,0,23,1,23,23,23
2230,2,1554.589099,184,185,1,184.5,0.5,369,2,184,184,184
2231,2,1554.589099,839,840,1,839.5,0.5,1679,2,839,839,839
2232,3,2331.883648,138,142,4,140.333333,1.699673,421,3,138,138,141
2233,1,777.294549,190,190,0,190,0,190,1,190,190,190
2234,1,777.294549,280,280,0,280,0,280,1,280,280,280
2235,2,1554.589099,789,794,5,791.5,2.5,1583,2,789,789,789
2236,1,777.294549,497,497,0,497,0,497,1,497,497,497
2237,2,1554.589099,572,572,0,572,0,1144,1,572,572,572
2238,2,1554.589099,272,273,1,272.5,0.5,545,2,272,272,272
2239,1,777.294549,348,348,0,348,0,348,1,348,348,348
2240,1,777.294549,44,44,0,44,0,44,1,44,44,44
2241,2,1554.589099,83,84,1,83.5,0.5,167,2,83,83,83
2242,1,777.294549,222,222,0,222,0,222,1,222,222,222
2243,2,1554.589099,23,26,3,24.5,1.5,49,2,23,23,23
2244,1,777.294549,367,367,0,367,0,367,1,367,367,367
2245,2,1554.589099,900,902,2,901,1,1802,2,900,900,900
2246,2,1554.589099,165,170,5,167.5,2.5,335,2,165,165,165
2247,2,1554.589099,194,197,3,195.5,1.5,391,2,194,194,194
2248,2,1554.589099,964,964,0,964,0,1928,1,964,964,964
2249,2,1554.589099,34,37,3,35.5,1.5,71,2,34,34,34
2250,2,1554.589099,13,14,1,13.5,0.5,27,2,13,13,13
2251,2,1554.589099,120,125,5,122.5,2.5,245,2,120,120,120
2252,1,777.294549,74,74,0,74,0,74,1,74,74,74
2253,1,777.294549,246,246,0,246,0,246,1,246,246,246
2254,2,1554.589099,76,76,0,76,0,152,1,76,76,76
2255,1,777.294549,217,217,0,217,0,217,1,217,217,217
2256,2,1554.589099,903,914,11,908.5,5.5,1817,2,903,903,903
2257,2,1554.589099,81,83,2,82,1,164,2,81,81,81
2258,2,1554.589099,136,136,0,136,0,272,1,136,136,136
2259,2,1554.589099,110,110,0,110,0,220,1,110,110,110
2260,2,1554.589099,310,311,1,310.5,0.5,621,2,310,310,310
2261,1,777.294549,197,197,0,197,0,197,1,197,197,197
2262,1,777.294549,296,296,0,296,0,296,1,296,296,296
2263,1,777.294549,99,99,0,99,0,99,1,99,99,99
2264,1,777.294549,218,218,0,218,0,218,1,218,218,218
2265,1,777.294549,79,79,0,79,0,79,1,79,79,79
2266,2,1554.589099,306,307,1,306.5,0.5,613,2,306,306,306
2267,1,777.294549,450,450,0,450,0,450,1,450,450,450
2268,2,1554.589099,103,105,2,104,1,208,2,103,103,103
2269,2,1554.589099,67,67,0,67,0,134,1,67,67,67
2270,1,777.294549,227,227,0,227,0,227,1,227,227,227
2271,2,1554.589099,183,183,0,183,0,366,1,183,183,183
2272,2,1554.589099,528,531,3,529.5,1.5,1059,2,528,528,528
2273,1,777.294549,230,230,0,230,0,230,1,230,230,230
2274,2,1554.589099,64,68,4,66,2,132,2,64,64,64
2275,2,1554.589099,27,27,0,27,0,54,1,27,27,27
2276,1,777.294549,239,239,0,239,0,239,1,239,239,239
2277,2,1554.589099,250,255,5,252.5,2.5,505,2,250,250,250
2278,2,1554.589099,147,148,1,147.5,0.5,295,2,147,147,147
2279,1,777.294549,278,278,0,278,0,278,1,278,278,278
2280,1,777.294549,167,167,0,167,0,167,1,167,167,167
2281,2,1554.589099,584,585,1,584.5,0.5,1169,2,584,584,584
2282,2,1554.589099,141,141,0,141,0,282,1,141,141,141
2283,2,1554.589099,611,611,0,611,0,1222,1,611,611,611
2284,1,777.294549,718,718,0,718,0,718,1,718,718,718
2285,1,777.294549,31,31,0,31,0,31,1,31,31,31
2286,2,1554.589099,558,559,1,558.5,0.5,1117,2,558,558,558
2287,2,1554.589099,16,17,1,16.5,0.5,33,2,16,16,16
2288,2,1554.589099,206,206,0,206,0,412,1,206,206,206
2289,1,777.294549,396,396,0,396,0,396,1,396,396,396
2290,1,777.294549,161,161,0,161,0,161,1,161,161,161
2291,1,777.294549,208,208,0,208,0,208,1,208,208,208
2292,2,1554.589099,207,209,2,208,1,416,2,207,207,207
2293,2,1554.589099,1011,1013,2,1012,1,2024,2,1011,1011,1011
2294,1,777.294549,146,146,0,146,0,146,1,146,146,146
2295,1,777.294549,163,163,0,163,0,163,1,163,163,163
2296,1,777.294549,116,116,0,116,0,116,1,116,116,116
2297,2,1554.589099,324,324,0,324,0,648,1,324,324,324
2298,1,777.294549,741,741,0,741,0,741,1,741,741,741
2299,1,777.294549,184,184,0,184,0,184,1,184,184,184
2300,2,1554.589099,16,18,2,17,1,34,2,16,16,16
2301,2,1554.589099,203,207,4,205,2,410,2,203,203,203
2302,2,1554.589099,660,662,2,661,1,1322,2,660,660,660
2303,1,777.294549,286,286,0,286,0,286,1,286,286,286
2304,2,1554.589099,8,8,0,8,0,16,1,8,8,8
2305,1,777.294549,395,395,0,395,0,395,1,395,395,395
2306,1,777.294549,222,222,0,222,0,222,1,222,222,222
2307,1,777.294549,106,106,0,106,0,106,1,106,106,106
2308,2,1554.589099,195,196,1,195.5,0.5,391,2,195,195,195
2309,3,2331.883648,64,67,3,65.333333,1.247219,196,3,64,64,65
2310,1,777.294549,167,167,0,167,0,167,1,167,167,167
2311,2,1554.589099,560,564,4,562,2,1124,2,560,560,560
2312,2,1554.589099,208,210,2,209,1,418,2,208,208,208
2313,1,777.294549,174,174,0,174,0,174,1,174,174,174
2314,2,1554.589099,77,77,0,77,0,154,1,77,77,77
2315,2,1554.589099,438,439,1,438.5,0.5,877,2,438,438,438
2316,1,777.294549,264,264,0,264,0,264,1,264,264,264
2317,2,1554.589099,607,608,1,607.5,0.5,1215,2,607,607,607
2318,1,777.294549,593,593,0,593,0,593,1,593,593,593
2319,2,1554.589099,36,36,0,36,0,72,1,36,36,36
2320,2,1554.589099,1092,1096,4,1094,2,2188,2,1092,1092,1092
2321,2,1554.589099,137,141,4,139,2,278,2,137,137,137
2322,1,777.294549,250,250,0,250,0,250,1,250,250,250
2323,2,1554.589099,6,6,0,6,0,12,1,6,6,6
2324,2,1554.589099,381,382,1,381.5,0.5,763,2,381,381,381
2325,2,1554.589099,64,65,1,64.5,0.5,129,2,64,64,64
2326,1,777.294549,405,405,0,405,0,405,1,405,405,405
2327,1,777.294549,639,639,0,639,0,639,1,639,639,639
2328,1,777.294549,89,89,0,89,0,89,1,89,89,89
2329,2,1554.589099,718,723,5,720.5,2.5,1441,2,718,718,718
2330,2,1554.589099,10,10,0,10,0,20,1,10,10,10
2331,1,777.294549,464,464,0,464,0,464,1,464,464,464
2332,2,1554.589099,195,198,3,196.5,1.5,393,2,195,195,195
2333,2,1554.589099,298,299,1,298.5,0.5,597,2,298,298,298
2334,1,777.294549,1,1,0,1,0,1,1,1,1,1
2335,2,1554.589099,56,56,0,56,0,112,1,56,56,56
2336,2,1554.589099,66,70,4,68,2,136,2,66,66,66
2337,2,1554.589099,511,513,2,512,1,1024,2,511,511,511
2338,1,777.294549,33,33,0,33,0,33,1,33,33,33
2339,2,1554.589099,489,492,3,490.5,1.5,981,2,489,489,489
2340,2,1554.589099,163,166,3,164.5,1.5,329,2,163,163,163
2341,1,777.294549,573,573,0,573,0,573,1,573,573,573
2342,1,777.294549,625,625,0,625,0,625,1,625,625,625
2343,2,1554.589099,510,513,3,511.5,1.5,1023,2,510,510,510
2344,1,777.294549,173,173,0,173,0,173,1,173,173,173
2345,1,777.294549,216,216,0,216,0,216,1,216,216,216
2346,2,1554.589099,197,198,1,197.5,0.5,395,2,197,197,197
2347,2,1554.589099,250,254,4,252,2,504,2,250,250,250
2348,1,777.294549,130,130,0,130,0,130,1,130,130,130
2349,1,777.294549,236,236,0,236,0,236,1,236,236,236
2350,2,1554.589099,455,457,2,456,1,912,2,455,455,455
2351,1,777.294549,653,653,0,653,0,653,1,653,653,653
2352,2,1554.589099,119,121,2,120,1,240,2,119,119,119
2353,2,1554.589099,894,894,0,894,0,1788,1,894,894,894
2354,2,1554.589099,50,53,3,51.5,1.5,103,2,50,50,50
2355,1,777.294549,113,113,0,113,0,113,1,113,113,113
2356,1,777.294549,298,298,0,298,0,298,1,298,298,298
2357,1,777.294549,30,30,0,30,0,30,1,30,30,30
2358,2,1554.589099,75,75,0,75,0,150,1,75,75,75
2359,1,777.294549,88,88,0,88,0,88,1,88,88,88
2360,2,1554.589099,403,404,1,403.5,0.5,807,2,403,403,403
2361,1,777.294549,229,229,0,229,0,229,1,229,229,229
2362,1,777.294549,270,270,0,270,0,270,1,270,270,270
2363,1,777.294549,829,829,0,829,0,829,1,829,829,829
2364,2,1554.589099,741,745,4,743,2,1486,2,741,741,741
2365,2,1554.589099,246,247,1,246.5,0.5,493,2,246,246,246
2366,2,1554.589099,35,35,0,35,0,70,1,35,35,35
2367,1,777.294549,65,65,0,65,0,65,1,65,65,65
2368,1,777.294549,131,131,0,131,0,131,1,131,131,131
2369,2,1554.589099,348,351,3,349.5,1.5,699,2,348,348,348
2370,2,1554.589099,8,8,0,8,0,16,1,8,8,8
2371,1,777.294549,709,709,0,709,0,709,1,709,709,709
2372,2,1554.589099,221,221,0,221,0,442,1,221,221,221
2373,2,1554.589099,141,147,6,144,3,288,2,141,141,141
2374,2,1554.589099,91,92,1,91.5,0.5,183,2,91,91,91
2375,2,1554.589099,178,178,0,178,0,356,1,178,178,178
2376,2,1554.589099,80,81,1,80.5,0.5,161,2,80,80,80
2377,2,1554.589099,710,712,2,711,1,1422,2,710,710,710
2378,2,1554.589099,355,355,0,355,0,710,1,355,355,355
2379,1,777.294549,6,6,0,6,0,6,1,6,6,6
2380,2,1554.589099,293,294,1,293.5,0.5,587,2,293,293,293
2381,1,777.294549,28,28,0,28,0,28,1,28,28,28
2382,2,1554.589099,215,218,3,216.5,1.5,433,2,215,215,215
2383,2,1554.589099,875,878,3,876.5,1.5,1753,2,875,875,875
2384,2,1554.589099,244,245,1,244.5,0.5,489,2,244,244,244
2385,2,1554.589099,306,312,6,309,3,618,2,306,306,306
2386,1,777.294549,397,397,0,397,0,397,1,397,397,397
2387,3,2331.883648,110,111,1,110.666667,0.471405,332,2,111,110,111
2388,2,1554.589099,188,190,2,189,1,378,2,188,188,188
2389,2,1554.589099,68,69,1,68.5,0.5,137,2,68,68,68
2390,1,777.294549,267,267,0,267,0,267,1,267,267,267
2391,1,777.294549,98,98,0,98,0,98,1,98,98,98
2392,1,777.294549,203,203,0,203,0,203,1,203,203,203
2393,2,1554.589099,154,158,4,156,2,312,2,154,154,154
2394,1,777.294549,445,445,0,445,0,445,1,445,445,445
2395,2,1554.589099,497,500,3,498.5,1.5,997,2,497,497,497
2396,1,777.294549,250,250,0,250,0,250,1,250,250,250
2397,2,1554.589099,710,713,3,711.5,1.5,1423,2,710,710,710
2398,2,1554.589099,755,762,7,758.5,3.5,1517,2,755,755,755
2399,1,777.294549,818,818,0,818,0,818,1,818,818,818
2400,1,777.294549,399,399,0,399,0,399,1,399,399,399
2401,1,777.294549,145,145,0,145,0,145,1,145,145,145
2402,1,777.294549,532,532,0,532,0,532,1,532,532,532
2403,2,1554.589099,227,227,0,227,0,454,1,227,227,227
2404,2,1554.589099,287,288,1,287.5,0.5,575,2,287,287,287
2405,1,777.294549,313,313,0,313,0,313,1,313,313,313
2406,2,1554.589099,774,774,0,774,0,1548,1,774,774,774
2407,1,777.294549,469,469,0,469,0,469,1,469,469,469
2408,2,1554.589099,263,265,2,264,1,528,2,263,263,263
2409,2,1554.589099,138,139,1,138.5,0.5,277,2,138,138,138
2410,2,1554.589099,390,391,1,390.5,0.5,781,2,390,390,390
2411,2,1554.589099,797,798,1,797.5,0.5,1595,2,797,797,797
2412,2,1554.589099,163,167,4,165,2,330,2,163,163,163
2413,1,777.294549,630,630,0,630,0,630,1,630,630,630
2414,1,777.294549,276,276,0,276,0,276,1,276,276,276
2415,1,777.294549,271,271,0,271,0,271,1,271,271,271
2416,1,777.294549,33,33,0,33,0,33,1,33,33,33
2417,1,777.294549,169,169,0,169,0,169,1,169,169,169
2418,1,777.294549,206,206,0,206,0,206,1,206,206,206
2419,2,1554.589099,196,196,0,196,0,392,1,196,196,196
2420,2,1554.589099,121,128,7,124.5,3.5,249,2,121,121,121
2421,1,777.294549,110,110,0,110,0,110,1,110,110,110
2422,1,777.294549,776,776,0,776,0,776,1,776,776,776
2423,2,1554.589099,676,679,3,677.5,1.5,1355,2,676,676,676
2424,1,777.294549,119,119,0,119,0,119,1,119,119,119
2425,1,777.294549,581,581,0,581,0,581,1,581,581,581
2426,2,1554.589099,324,324,0,324,0,648,1,324,324,324
2427,1,777.294549,127,127,0,127,0,127,1,127,127,127
2428,2,1554.589099,127,128,1,127.5,0.5,255,2,127,127,127
2429,2,1554.589099,621,624,3,622.5,1.5,1245,2,621,621,621
2430,2,1554.589099,585,585,0,585,0,1170,1,585,585,585
2431,2,1554.589099,104,105,1,104.5,0.5,209,2,104,104,104
2432,1,777.294549,494,494,0,494,0,494,1,494,494,494
2433,2,1554.589099,421,424,3,422.5,1.5,845,2,421,421,421
2434,1,777.294549,283,283,0,283,0,283,1,283,283,283
2435,2,1554.589099,201,202,1,201.5,0.5,403,2,201,201,201
2436,2,1554.589099,944,945,1,944.5,0.5,1889,2,944,944,944
2437,1,777.294549,784,784,0,784,0,784,1,784,784,784
2438,1,777.294549,59,59,0,59,0,59,1,59,59,59
2439,2,1554.589099,79,80,1,79.5,0.5,159,2,79,79,79
2440,2,1554.589099,79,81,2,80,1,160,2,79,79,79
2441,1,777.294549,151,151,0,151,0,151,1,151,151,151
2442,2,1554.589099,253,253,0,253,0,506,1,253,253,253
2443,2,1554.589099,237,237,0,237,0,474,1,237,237,237
2444,2,1554.589099,122,122,0,122,0,244,1,122,122,122
2445,2,1554.589099,67,68,1,67.5,0.5,135,2,67,67,67
2446,1,777.294549,604,604,0,604,0,604,1,604,604,604
2447,2,1554.589099,221,222,1,221.5,0.5,443,2,221,221,221
2448,2,1554.589099,43,45,2,44,1,88,2,43,43,43
2449,2,1554.589099,436,440,4,438,2,876,2,436,436,436
2450,1,777.294549,216,216,0,216,0,216,1,216,216,216
2451,2,1554.589099,1007,1007,0,1007,0,2014,1,1007,1007,1007
2452,1,777.294549,233,233,0,233,0,233,1,233,233,233
2453,1,777.294549,248,248,0,248,0,248,1,248,248,248
2454,2,1554.589099,100,101,1,100.5,0.5,201,2,100,100,100
2455,2,1554.589099,205,207,2,206,1,412,2,205,205,205
2456,1,777.294549,508,508,0,508,0,508,1,508,508,508
2457,2,1554.589099,430,437,7,433.5,3.5,867,2,430,430,430
2458,2,1554.589099,95,95,0,95,0,190,1,95,95,95
2459,2,1554.589099,295,296,1,295.5,0.5,591,2,295,295,295
2460,2,1554.589099,90,91,1,90.5,0.5,181,2,90,90,90
2461,2,1554.589099,57,59,2,58,1,116,2,57,57,57
2462,2,1554.589099,41,42,1,41.5,0.5,83,2,41,41,41
2463,1,777.294549,599,599,0,599,0,599,1,599,599,599
2464,1,777.294549,214,214,0,214,0,214,1,214,214,214
2465,1,777.294549,291,291,0,291,0,291,1,291,291,291
2466,1,777.294549,873,873,0,873,0,873,1,873,873,873
2467,2,1554.589099,135,136,1,135.5,0.5,271,2,135,135,135
2468,1,777.294549,40,40,0,40,0,40,1,40,40,40
2469,2,1554.589099,988,991,3,989.5,1.5,1979,2,988,988,988
2470,2,1554.589099,440,447,7,443.5,3.5,887,2,440,440,440
2471,2,1554.589099,215,218,3,216.5,1.5,433,2,215,215,215
2472,2,1554.589099,151,152,1,151.5,0.5,303,2,151,151,151
2473,2,1554.589099,367,374,7,370.5,3.5,741,2,367,367,367
2474,2,1554.589099,585,586,1,585.5,0.5,1171,2,585,585,585
2475,2,1554.589099,31,31,0,31,0,62,1,31,31,31
2476,2,1554.589099,152,153,1,152.5,0.5,305,2,152,152,152
2477,2,1554.589099,159,161,2,160,1,320,2,159,159,159
2478,1,777.294549,215,215,0,215,0,215,1,215,215,215
2479,2,1554.589099,208,209,1,208.5,0.5,417,2,208,208,208
2480,2,1554.589099,10,11,1,10.5,0.5,21,2,10,10,10
2481,1,777.294549,687,687,0,687,0,687,1,687,687,687
2482,2,1554.589099,210,210,0,210,0,420,1,210,210,210
2483,2,1554.589099,31,31,0,31,0,62,1,31,31,31
2484,1,777.294549,508,508,0,508,0,508,1,508,508,508
2485,2,1554.589099,2,5,3,3.5,1.5,7,2,2,2,2
2486,1,777.294549,431,431,0,431,0,431,1,431,431,431
2487,1,777.294549,15,15,0,15,0,15,1,15,15,15
2488,2,1554.589099,9,9,0,9,0,18,1,9,9,9
2489,2,1554.589099,258,260,2,259,1,518,2,258,258,258
2490,2,1554.589099,623,626,3,624.5,1.5,1249,2,623,623,623
2491,1,777.294549,197,197,0,197,0,197,1,197,197,197
2492,2,1554.589099,281,296,15,288.5,7.5,577,2,281,281,281
2493,2,1554.589099,183,186,3,184.5,1.5,369,2,183,183,183
2494,1,777.294549,421,421,0,421,0,421,1,421,421,421
2495,2,1554.589099,650,653,3,651.5,1.5,1303,2,650,650,650
2496,2,1554.589099,212,224,12,218,6,436,2,212,212,212
2497,1,777.294549,64,64,0,64,0,64,1,64,64,64
2498,1,777.294549,233,233,0,233,0,233,1,233,233,233
2499,2,1554.589099,125,127,2,126,1,252,2,125,125,125
2500,2,1554.589099,604,604,0,604,0,1208,1,604,604,604
2501,1,777.294549,100,100,0,100,0,100,1,100,100,100
2502,2,1554.589099,1369,1378,9,1373.5,4.5,2747,2,1369,1369,1369
2503,2,1554.589099,259,264,5,261.5,2.5,523,2,259,259,259
2504,1,777.294549,70,70,0,70,0,70,1,70,70,70
2505,1,777.294549,216,216,0,216,0,216,1,216,216,216
2506,1,777.294549,94,94,0,94,0,94,1,94,94,94
2507,1,777.294549,447,447,0,447,0,447,1,447,447,447
2508,2,1554.589099,132,135,3,133.5,1.5,267,2,132,132,132
2509,2,1554.589099,161,161,0,161,0,322,1,161,161,161
2510,2,1554.589099,603,608,5,605.5,2.5,1211,2,603,603,603
2511,2,1554.589099,669,669,0,669,0,1338,1,669,669,669
2512,2,1554.589099,78,81,3,79.5,1.5,159,2,78,78,78
2513,2,1554.589099,95,95,0,95,0,190,1,95,95,95
2514,2,1554.589099,59,60,1,59.5,0.5,119,2,59,59,59
2515,2,1554.589099,461,464,3,462.5,1.5,925,2,461,461,461
2516,2,1554.589099,189,191,2,190,1,380,2,189,189,189
2517,2,1554.589099,483,487,4,485,2,970,2,483,483,483
2518,2,1554.589099,154,154,0,154,0,308,1,154,154,154
2519,1,777.294549,239,239,0,239,0,239,1,239,239,239
2520,1,777.294549,776,776,0,776,0,776,1,776,776,776
2521,2,1554.589099,588,590,2,589,1,1178,2,588,588,588
2522,2,1554.589099,216,218,2,217,1,434,2,216,216,216
2523,1,777.294549,509,509,0,509,0,509,1,509,509,509
2524,2,1554.589099,134,146,12,140,6,280,2,134,134,134
2525,1,777.294549,32,32,0,32,0,32,1,32,32,32
2526,2,1554.589099,489,490,1,489.5,0.5,979,2,489,489,489
2527,2,1554.589099,628,633,5,630.5,2.5,1261,2,628,628,628
2528,2,1554.589099,543,551,8,547,4,1094,2,543,543,543
2529,1,777.294549,162,162,0,162,0,162,1,162,162,162
2530,1,777.294549,101,101,0,101,0,101,1,101,101,101
2531,2,1554.589099,623,629,6,626,3,1252,2,623,623,623
2532,1,777.294549,139,139,0,139,0,139,1,139,139,139
2533,2,1554.589099,420,429,9,424.5,4.5,849,2,420,420,420
2534,2,1554.589099,206,207,1,206.5,0.5,413,2,206,206,206
2535,2,1554.589099,107,107,0,107,0,214,1,107,107,107
2536,2,1554.589099,39,39,0,39,0,78,1,39,39,39
2537,2,1554.589099,507,513,6,510,3,1020,2,507,507,507
2538,2,1554.589099,80,84,4,82,2,164,2,80,80,80
2539,2,1554.589099,39,40,1,39.5,0.5,79,2,39,39,39
2540,1,777.294549,530,530,0,530,0,530,1,530,530,530
2541,1,777.294549,185,185,0,185,0,185,1,185,185,185
2542,1,777.294549,25,25,0,25,0,25,1,25,25,25
2543,1,777.294549,145,145,0,145,0,145,1,145,145,145
2544,2,1554.589099,266,266,0,266,0,532,1,266,266,266
2545,2,1554.589099,187,188,1,187.5,0.5,375,2,187,187,187
2546,1,777.294549,388,388,0,388,0,388,1,388,388,388
2547,1,777.294549,226,226,0,226,0,226,1,226,226,226
2548,2,1554.589099,564,574,10,569,5,1138,2,564,564,564
2549,1,777.294549,263,263,0,263,0,263,1,263,263,263
2550,2,1554.589099,609,617,8,613,4,1226,2,609,609,609
2551,2,1554.589099,221,221,0,221,0,442,1,221,221,221
2552,2,1554.589099,146,146,0,146,0,292,1,146,146,146
2553,2,1554.589099,110,113,3,111.5,1.5,223,2,110,110,110
2554,1,777.294549,493,493,0,493,0,493,1,493,493,493
2555,2,1554.589099,353,353,0,353,0,706,1,353,353,353
2556,1,777.294549,75,75,0,75,0,75,1,75,75,75
2557,2,1554.589099,84,85,1,84.5,0.5,169,2,84,84,84
2558,2,1554.589099,903,906,3,904.5,1.5,1809,2,903,903,903
2559,2,1554.589099,804,804,0,804,0,1608,1,804,804,804
2560,2,1554.589099,247,247,0,247,0,494,1,247,247,247
2561,1,777.294549,216,216,0,216,0,216,1,216,216,216
2562,2,1554.589099,4,5,1,4.5,0.5,9,2,4,4,4
2563,1,777.294549,190,190,0,190,0,190,1,190,190,190
2564,2,1554.589099,173,175,2,174,1,348,2,173,173,173
2565,2,1554.589099,480,481,1,480.5,0.5,961,2,480,480,480
2566,2,1554.589099,85,85,0,85,0,170,1,85,85,85
2567,1,777.294549,271,271,0,271,0,271,1,271,271,271
2568,1,777.294549,306,306,0,306,0,306,1,306,306,306
2569,1,777.294549,62,62,0,62,0,62,1,62,62,62
2570,1,777.294549,534,534,0,534,0,534,1,534,534,534
2571,2,1554.589099,123,123,0,123,0,246,1,123,123,123
2572,2,1554.589099,840,846,6,843,3,1686,2,840,840,840
2573,2,1554.589099,612,622,10,617,5,1234,2,612,612,612
2574,1,777.294549,764,764,0,764,0,764,1,764,764,764
2575,1,777.294549,104,104,0,104,0,104,1,104,104,104
2576,1,777.294549,72,72,0,72,0,72,1,72,72,72
2577,1,777.294549,45,45,0,45,0,45,1,45,45,45
2578,2,1554.589099,243,249,6,246,3,492,2,243,243,243
2579,2,1554.589099,14,14,0,14,0,28,1,14,14,14
2580,2,1554.589099,759,759,0,759,0,1518,1,759,759,759
2581,1,777.294549,338,338,0,338,0,338,1,338,338,338
2582,2,1554.589099,197,207,10,202,5,404,2,197,197,197
2583,2,1554.589099,295,297,2,296,1,592,2,295,295,295
2584,2,1554.589099,678,684,6,681,3,1362,2,678,678,678
2585,2,1554.589099,129,139,10,134,5,268,2,129,129,129
2586,2,1554.589099,155,156,1,155.5,0.5,311,2,155,155,155
2587,1,777.294549,181,181,0,181,0,181,1,181,181,181
2588,2,1554.589099,297,299,2,298,1,596,2,297,297,297
2589,1,777.294549,125,125,0,125,0,125,1,125,125,125
2590,2,1554.589099,330,331,1,330.5,0.5,661,2,330,330,330
2591,1,777.294549,764,764,0,764,0,764,1,764,764,764
2592,2,1554.589099,9,10,1,9.5,0.5,19,2,9,9,9
2593,2,1554.589099,138,139,1,138.5,0.5,277,2,138,138,138
2594,2,1554.589099,0,1,1,0.5,0.5,1,2,0,0,0
2595,2,1554.589099,310,312,2,311,1,622,2,310,310,310
2596,2,1554.589099,239,245,6,242,3,484,2,239,239,239
2597,1,777.294549,139,139,0,139,0,139,1,139,139,139
2598,2,1554.589099,242,247,5,244.5,2.5,489,2,242,242,242
2599,2,1554.589099,303,303,0,303,0,606,1,303,303,303
2600,2,1554.589099,156,161,5,158.5,2.5,317,2,156,156,156
2601,2,1554.589099,200,201,1,200.5,0.5,401,2,200,200,200
2602,2,1554.589099,98,98,0,98,0,196,1,98,98,98
2603,1,777.294549,1,1,0,1,0,1,1,1,1,1
2604,2,1554.589099,292,292,0,292,0,584,1,292,292,292
2605,2,1554.589099,464,465,1,464.5,0.5,929,2,464,464,464
2606,1,777.294549,967,967,0,967,0,967,1,967,967,967
2607,1,777.294549,157,157,0,157,0,157,1,157,157,157
2608,1,777.294549,730,730,0,730,0,730,1,730,730,730
2609,2,1554.589099,168,173,5,170.5,2.5,341,2,168,168,168
2610,2,1554.589099,417,418,1,417.5,0.5,835,2,417,417,417
2611,2,1554.589099,463,464,1,463.5,0.5,927,2,463,463,463
2612,2,1554.589099,294,305,11,299.5,5.5,599,2,294,294,294
2613,2,1554.589099,274,282,8,278,4,556,2,274,274,274
2614,1,777.294549,9,9,0,9,0,9,1,9,9,9
2615,2,1554.589099,682,682,0,682,0,1364,1,682,682,682
2616,2,1554.589099,490,494,4,492,2,984,2,490,490,490
2617,1,777.294549,165,165,0,165,0,165,1,165,165,165
2618,2,1554.589099,264,264,0,264,0,528,1,264,264,264
2619,2,1554.589099,306,308,2,307,1,614,2,306,306,306
2620,1,777.294549,51,51,0,51,0,51,1,51,51,51
2621,2,1554.589099,260,261,1,260.5,0.5,521,2,260,260,260
2622,2,1554.589099,72,74,2,73,1,146,2,72,72,72
2623,2,1554.589099,114,115,1,114.5,0.5,229,2,114,114,114
2624,2,1554.589099,544,544,0,544,0,1088,1,544,544,544
2625,1,777.294549,288,288,0,288,0,288,1,288,288,288
2626,2,1554.589099,178,180,2,179,1,358,2,178,178,178
2627,2,1554.589099,431,433,2,432,1,864,2,431,431,431
2628,2,1554.589099,167,168,1,167.5,0.5,335,2,167,167,167
2629,1,777.294549,285,285,0,285,0,285,1,285,285,285
2630,1,777.294549,759,759,0,759,0,759,1,759,759,759
2631,2,1554.589099,378,380,2,379,1,758,2,378,378,378
2632,1,777.294549,231,231,0,231,0,231,1,231,231,231
2633,2,1554.589099,301,302,1,301.5,0.5,603,2,301,301,301
2634,1,777.294549,295,295,0,295,0,295,1,295,295,295
2635,1,777.294549,175,175,0,175,0,175,1,175,175,175
2636,2,1554.589099,1245,1247,2,1246,1,2492,2,1245,1245,1245
2637,1,777.294549,221,221,0,221,0,221,1,221,221,221
2638,1,777.294549,275,275,0,275,0,275,1,275,275,275
2639,1,777.294549,190,190,0,190,0,190,1,190,190,190
2640,2,1554.589099,611,617,6,614,3,1228,2,611,611,611
2641,2,1554.589099,104,106,2,105,1,210,2,104,104,104
2642,2,1554.589099,657,659,2,658,1,1316,2,657,657,657
2643,2,1554.589099,892,896,4,894,2,1788,2,892,892,892
2644,2,1554.589099,63,63,0,63,0,126,1,63,63,63
2645,1,777.294549,625,625,0,625,0,625,1,625,625,625
2646,2,1554.589099,267,267,0,267,0,534,1,267,267,267
2647,2,1554.589099,80,81,1,80.5,0.5,161,2,80,80,80
2648,2,1554.589099,783,785,2,784,1,1568,2,783,783,783
2649,1,777.294549,618,618,0,618,0,618,1,618,618,618
2650,2,1554.589099,369,373,4,371,2,742,2,369,369,369
2651,2,1554.589099,183,184,1,183.5,0.5,367,2,183,183,183
2652,2,1554.589099,104,104,0,104,0,208,1,104,104,104
2653,1,777.294549,55,55,0,55,0,55,1,55,55,55
2654,2,1554.589099,347,353,6,350,3,700,2,347,347,347
2655,2,1554.589099,90,91,1,90.5,0.5,181,2,90,90,90
2656,1,777.294549,404,404,0,404,0,404,1,404,404,404
2657,2,1554.589099,33,35,2,34,1,68,2,33,33,33
2658,2,1554.589099,305,306,1,305.5,0.5,611,2,305,305,305
2659,1,777.294549,292,292,0,292,0,292,1,292,292,292
2660,2,1554.589099,183,185,2,184,1,368,2,183,183,183
2661,1,777.294549,658,658,0,658,0,658,1,658,658,658
2662,1,777.294549,182,182,0,182,0,182,1,182,182,182
2663,2,1554.589099,62,65,3,63.5,1.5,127,2,62,62,62
2664,1,777.294549,62,62,0,62,0,62,1,62,62,62
2665,2,1554.589099,706,706,0,706,0,1412,1,706,706,706
2666,2,1554.589099,3,3,0,3,0,6,1,3,3,3
2667,2,1554.589099,177,178,1,177.5,0.5,355,2,177,177,177
2668,2,1554.589099,272,277,5,274.5,2.5,549,2,272,272,272
2669,1,777.294549,199,199,0,199,0,199,1,199,199,199
2670,2,1554.589099,214,215,1,214.5,0.5,429,2,214,214,214
2671,2,1554.589099,95,96,1,95.5,0.5,191,2,95,95,95
2672,2,1554.589099,382,390,8,386,4,772,2,382,382,382
2673,1,777.294549,228,228,0,228,0,228,1,228,228,228
2674,2,1554.589099,171,172,1,171.5,0.5,343,2,171,171,171
2675,1,777.294549,244,244,0,244,0,244,1,244,244,244
2676,1,777.294549,576,576,0,576,0,576,1,576,576,576
2677,2,1554.589099,65,68,3,66.5,1.5,133,2,65,65,65
2678,2,1554.589099,255,256,1,255.5,0.5,511,2,255,255,255
2679,2,1554.589099,269,272,3,270.5,1.5,541,2,269,269,269
2680,2,1554.589099,118,119,1,118.5,0.5,237,2,118,118,118
2681,1,777.294549,241,241,0,241,0,241,1,241,241,241
2682,2,1554.589099,1058,1062,4,1060,2,2120,2,1058,1058,1058
2683,2,1554.589099,135,137,2,136,1,272,2,135,135,135
2684,1,777.294549,561,561,0,561,0,561,1,561,561,561
2685,2,1554.589099,233,238,5,235.5,2.5,471,2,233,233,233
2686,1,777.294549,173,173,0,173,0,173,1,173,173,173
2687,2,1554.589099,237,240,3,238.5,1.5,477,2,237,237,237
2688,2,1554.589099,172,174,2,173,1,346,2,172,172,172
2689,1,777.294549,46,46,0,46,0,46,1,46,46,46
2690,1,777.294549,390,390,0,390,0,390,1,390,390,390
2691,2,1554.589099,1142,1142,0,1142,0,2284,1,1142,1142,1142
2692,2,1554.589099,54,59,5,56.5,2.5,113,2,54,54,54
2693,2,1554.589099,202,205,3,203.5,1.5,407,2,202,202,202
2694,2,1554.589099,5,7,2,6,1,12,2,5,5,5
2695,2,1554.589099,9,10,1,9.5,0.5,19,2,9,9,9
2696,2,1554.589099,555,558,3,556.5,1.5,1113,2,555,555,555
2697,1,777.294549,790,790,0,790,0,790,1,790,790,790
2698,2,1554.589099,573,577,4,575,2,1150,2,573,573,573
2699,2,1554.589099,156,157,1,156.5,0.5,313,2,156,156,156
2700,1,777.294549,781,781,0,781,0,781,1,781,781,781
2701,2,1554.589099,182,183,1,182.5,0.5,365,2,182,182,182
2702,1,777.294549,343,343,0,343,0,343,1,343,343,343
2703,2,1554.589099,162,169,7,165.5,3.5,331,2,162,162,162
2704,2,1554.589099,171,171,0,171,0,342,1,171,171,171
2705,2,1554.589099,315,319,4,317,2,634,2,315,315,315
2706,2,1554.589099,109,110,1,109.5,0.5,219,2,109,109,109
2707,1,777.294549,881,881,0,881,0,881,1,881,881,881
2708,1,777.294549,414,414,0,414,0,414,1,414,414,414
2709,2,1554.589099,75,79,4,77,2,154,2,75,75,75
2710,1,777.294549,204,204,0,204,0,204,1,204,204,204
2711,2,1554.589099,458,458,0,458,0,916,1,458,458,458
2712,2,1554.589099,185,187,2,186,1,372,2,185,185,185
2713,1,777.294549,524,524,0,524,0,524,1,524,524,524
2714,2,1554.589099,110,110,0,110,0,220,1,110,110,110
2715,1,777.294549,707,707,0,707,0,707,1,707,707,707
2716,2,1554.589099,1262,1278,16,1270,8,2540,2,1262,1262,1262
2717,2,1554.589099,44,44,0,44,0,88,1,44,44,44
2718,1,777.294549,120,120,0,120,0,120,1,120,120,120
2719,2,1554.589099,386,391,5,388.5,2.5,777,2,386,386,386
2720,2,1554.589099,605,617,12,611,6,1222,2,605,605,605
2721,2,1554.589099,219,223,4,221,2,442,2,219,219,219
2722,2,1554.589099,448,452,4,450,2,900,2,448,448,448
2723,1,777.294549,888,888,0,888,0,888,1,888,888,888
2724,2,1554.589099,29,29,0,29,0,58,1,29,29,29
2725,2,1554.589099,112,112,0,112,0,224,1,112,112,112
2726,2,1554.589099,5,6,1,5.5,0.5,11,2,5,5,5
2727,1,777.294549,56,56,0,56,0,56,1,56,56,56
2728,2,1554.589099,51,51,0,51,0,102,1,51,51,51
2729,1,777.294549,336,336,0,336,0,336,1,336,336,336
2730,2,1554.589099,56,56,0,56,0,112,1,56,56,56
2731,2,1554.589099,227,228,1,227.5,0.5,455,2,227,227,227
2732,2,1554.589099,55,55,0,55,0,110,1,55,55,55
2733,2,1554.589099,919,921,2,920,1,1840,2,919,919,919
2734,2,1554.589099,165,165,0,165,0,330,1,165,165,165
2735,2,1554.589099,156,158,2,157,1,314,2,156,156,156
2736,2,1554.589099,429,439,10,434,5,868,2,429,429,429
2737,1,777.294549,466,466,0,466,0,466,1,466,466,466
2738,2,1554.589099,398,402,4,400,2,800,2,398,398,398
2739,1,777.294549,430,430,0,430,0,430,1,430,430,430
2740,2,1554.589099,313,317,4,315,2,630,2,313,313,313
2741,2,1554.589099,227,230,3,228.5,1.5,457,2,227,227,227
2742,1,777.294549,130,130,0,130,0,130,1,130,130,130
2743,2,1554.589099,78,78,0,78,0,156,1,78,78,78
2744,2,1554.589099,187,187,0,187,0,374,1,187,187,187
2745,1,777.294549,80,80,0,80,0,80,1,80,80,80
2746,2,1554.589099,478,480,2,479,1,958,2,478,478,478
2747,1,777.294549,31,31,0,31,0,31,1,31,31,31
2748,2,1554.589099,409,412,3,410.5,1.5,821,2,409,409,409
2749,2,1554.589099,39,40,1,39.5,0.5,79,2,39,39,39
2750,2,1554.589099,357,363,6,360,3,720,2,357,357,357
